-0.680023
0.323463
-0.032167
-0.522709
0.105307
0.228001
0.329488
-0.073992
-0.174319
0.392567
0.305932
0.362072
0.131185
0.033237
0.415181
0.488449
-0.048949
-0.038752
0.058105
0.196985
-0.024154
-0.459576
-0.147970
-0.162403
-0.534536
0.304135
0.599942
-0.562439
-0.266417
0.323463
-0.321129
-0.262834
0.225429
0.595931
0.158794
0.039751
0.596017
0.393181
0.170252
-0.105919
0.225288
0.237468
-0.109555
-0.125412
0.002492
0.066444
-0.155490
0.940633
-0.063445
0.008099
-0.003944
-0.059994
0.489228
0.036683
-0.178938
-0.090841
0.364255
0.152790
-0.032167
-0.262834
-0.211807
-0.119745
-0.108039
-0.025533
-0.148083
-0.293217
-0.094995
-0.223728
-0.363917
-0.230336
0.102482
0.555146
-0.168668
-0.277660
0.275039
0.019522
-0.165640
0.110700
0.117981
0.403973
0.363422
-0.192277
0.978422
-0.197600
-0.310685
0.055030
0.178683
-0.522709
0.225429
-0.119745
-0.552008
0.123016
0.080691
0.438503
0.084131
-0.117072
0.329528
0.404318
0.371692
0.001572
-0.092231
0.384301
0.338275
-0.138811
0.019070
0.053155
0.118633
-0.037774
-0.389608
-0.126662
0.173184
-0.452167
0.122331
0.580930
-0.338039
-0.113043
0.105307
0.595931
-0.108039
0.123016
-0.163254
-0.326001
0.016366
0.778072
0.347678
0.021276
0.278150
0.176665
-0.297649
-0.268811
-0.191366
0.237206
-0.322432
-0.054765
0.004630
-0.297717
-0.051455
-0.173750
-0.131548
0.429207
-0.219476
-0.071435
0.456395
0.191390
0.117518
0.228001
0.158794
-0.025533
0.080691
-0.326001
-0.527186
-0.294508
0.504419
0.598332
-0.306070
0.646315
-0.242136
-0.462324
-0.514293
-0.433562
-0.185893
-0.313762
0.158425
-0.328663
-0.620842
-0.150207
-0.182022
-0.090478
0.328345
-0.342027
0.205061
0.542388
0.213587
0.124732
0.329488
0.039751
-0.148083
0.438503
0.016366
-0.294508
-0.153541
0.615566
0.278095
-0.228563
0.394182
-0.143416
-0.239462
-0.306747
-0.303897
-0.207311
-0.217653
-0.040289
0.194473
-0.336060
-0.104379
-0.100819
-0.159161
0.621772
-0.202312
-0.172535
0.344678
0.456594
0.183668
-0.073992
0.596017
-0.293217
0.084131
0.778072
0.504419
0.615566
-0.357981
-0.401182
0.857383
-0.433269
0.930266
0.401088
0.049735
0.265937
1.031771
0.168407
-0.229190
0.862872
0.195286
0.058707
-0.065588
-0.073610
-0.135926
-0.078436
-0.074170
-0.018940
0.049177
-0.078072
-0.174319
0.393181
-0.094995
-0.117072
0.347678
0.598332
0.278095
-0.401182
-0.490036
0.557251
-0.438847
0.447367
0.543198
0.386023
0.305434
0.789567
0.270798
-0.301207
0.429723
0.284185
-0.002933
-0.138743
-0.194209
-0.372334
-0.078181
0.118857
-0.023722
-0.194261
-0.339161
0.392567
0.170252
-0.223728
0.329528
0.021276
-0.306070
-0.228563
0.857383
0.557251
-0.263143
0.468460
-0.176483
-0.184881
-0.375201
-0.388473
-0.199418
-0.168917
-0.070587
0.327288
-0.419333
-0.161762
-0.156297
-0.208150
0.680234
-0.243655
-0.108324
0.540739
0.489845
0.187197
0.305932
-0.105919
-0.363917
0.404318
0.278150
0.646315
0.394182
-0.433269
-0.438847
0.468460
-0.626167
0.298976
0.560883
0.252753
0.712880
0.335402
0.488325
-0.416425
0.348240
0.624795
-0.152947
0.220630
-0.283657
-0.138098
0.059294
-0.229714
-0.397849
0.419260
-0.346986
0.362072
0.225288
-0.230336
0.371692
0.176665
-0.242136
-0.143416
0.930266
0.447367
-0.176483
0.298976
-0.099526
-0.156735
-0.316098
-0.291145
-0.125799
-0.192986
-0.150220
0.573447
-0.317673
-0.113429
-0.152176
-0.207087
0.679972
-0.212539
-0.165617
0.428052
0.462646
0.163709
0.131185
0.237468
0.102482
0.001572
-0.297649
-0.462324
-0.239462
0.401088
0.543198
-0.184881
0.560883
-0.156735
-0.548181
-0.550122
-0.351718
-0.031494
-0.517329
0.151690
-0.379027
-0.674302
-0.084785
-0.271460
-0.057150
0.163376
-0.461424
0.331558
0.445221
0.018744
0.010026
0.033237
-0.109555
0.555146
-0.092231
-0.268811
-0.514293
-0.306747
0.049735
0.386023
-0.375201
0.252753
-0.316098
-0.550122
-0.643958
-0.560775
-0.397799
-0.443675
0.302534
-0.441520
-0.787855
0.364248
-0.138653
0.433120
-0.109379
-0.169539
0.331693
-0.060638
-0.211073
0.359378
0.415181
-0.125412
-0.168668
0.384301
-0.191366
-0.433562
-0.303897
0.265937
0.305434
-0.388473
0.712880
-0.291145
-0.351718
-0.560775
-0.549003
-0.394895
-0.080230
0.333171
-0.183831
-0.575019
-0.190075
0.093495
-0.037592
0.472450
-0.257357
-0.017521
0.311965
0.585702
0.308156
0.488449
0.002492
-0.277660
0.338275
0.237206
-0.185893
-0.207311
1.031771
0.789567
-0.199418
0.335402
-0.125799
-0.031494
-0.397799
-0.394895
-0.292869
-0.101641
-0.109810
0.662030
-0.419759
-0.101485
-0.125115
-0.158435
0.748042
-0.176034
-0.116843
0.386489
0.560826
0.248413
-0.048949
0.066444
0.275039
-0.138811
-0.322432
-0.313762
-0.217653
0.168407
0.270798
-0.168917
0.488325
-0.192986
-0.517329
-0.443675
-0.080230
-0.101641
-0.844003
0.255462
-0.491332
-0.516706
-0.000326
-0.342759
0.044830
-0.020306
-0.647652
0.315877
0.205711
-0.304099
-0.102441
-0.038752
-0.155490
0.019522
0.019070
-0.054765
0.158425
-0.040289
-0.229190
-0.301207
-0.070587
-0.416425
-0.150220
0.151690
0.302534
0.333171
-0.109810
0.255462
-0.425577
-0.067343
0.591507
-0.163040
0.421078
-0.315757
-0.278640
0.299422
-0.072651
-0.305140
-0.061912
-0.429815
0.058105
0.940633
-0.165640
0.053155
0.004630
-0.328663
0.194473
0.862872
0.429723
0.327288
0.348240
0.573447
-0.379027
-0.441520
-0.183831
0.662030
-0.491332
-0.067343
-0.135118
-0.438596
-0.068685
-0.251040
-0.189434
0.450224
-0.404022
0.012775
0.612304
0.198388
0.082226
0.196985
-0.063445
0.110700
0.118633
-0.297717
-0.620842
-0.336060
0.195286
0.284185
-0.419333
0.624795
-0.317673
-0.674302
-0.787855
-0.575019
-0.419759
-0.516706
0.591507
-0.438596
-0.884864
-0.059781
0.048753
0.221321
0.143483
-0.384828
0.150755
0.115029
0.093952
0.366455
-0.024154
0.008099
0.117981
-0.037774
-0.051455
-0.150207
-0.104379
0.058707
-0.002933
-0.161762
-0.152947
-0.113429
-0.084785
0.364248
-0.190075
-0.101485
-0.000326
-0.163040
-0.068685
-0.059781
-0.093144
0.171172
-0.109853
-0.077050
0.782596
-0.090420
-0.060069
0.034262
-0.078145
-0.459576
-0.003944
0.403973
-0.389608
-0.173750
-0.182022
-0.100819
-0.065588
-0.138743
-0.156297
0.220630
-0.152176
-0.271460
-0.138653
0.093495
-0.125115
-0.342759
0.421078
-0.251040
0.048753
0.171172
-0.573926
0.204935
-0.260347
-0.647271
0.280346
0.010251
-0.756451
0.045342
-0.147970
-0.059994
0.363422
-0.126662
-0.131548
-0.090478
-0.159161
-0.073610
-0.194209
-0.208150
-0.283657
-0.207087
-0.057150
0.433120
-0.037592
-0.158435
0.044830
-0.315757
-0.189434
0.221321
-0.109853
0.204935
-0.310531
-0.283878
0.657142
-0.041385
-0.224904
-0.243523
-0.318457
-0.162403
0.489228
-0.192277
0.173184
0.429207
0.328345
0.621772
-0.135926
-0.372334
0.680234
-0.138098
0.679972
0.163376
-0.109379
0.472450
0.748042
-0.020306
-0.278640
0.450224
0.143483
-0.077050
-0.260347
-0.283878
-0.318807
-0.376851
0.072495
0.385462
-0.084711
-0.270027
-0.534536
0.036683
0.978422
-0.452167
-0.219476
-0.342027
-0.202312
-0.078436
-0.078181
-0.243655
0.059294
-0.212539
-0.461424
-0.169539
-0.257357
-0.176034
-0.647652
0.299422
-0.404022
-0.384828
0.782596
-0.647271
0.657142
-0.376851
-0.854890
0.301396
-0.146764
-0.976094
0.345194
0.304135
-0.178938
-0.197600
0.122331
-0.071435
0.205061
-0.172535
-0.074170
0.118857
-0.108324
-0.229714
-0.165617
0.331558
0.331693
-0.017521
-0.116843
0.315877
-0.072651
0.012775
0.150755
-0.090420
0.280346
-0.041385
0.072495
0.301396
-0.253499
-0.295129
0.295826
-0.096430
0.599942
-0.090841
-0.310685
0.580930
0.456395
0.542388
0.344678
-0.018940
-0.023722
0.540739
-0.397849
0.428052
0.445221
-0.060638
0.311965
0.386489
0.205711
-0.305140
0.612304
0.115029
-0.060069
0.010251
-0.224904
0.385462
-0.146764
-0.295129
-0.416588
0.601868
-0.086298
-0.562439
0.364255
0.055030
-0.338039
0.191390
0.213587
0.456594
0.049177
-0.194261
0.489845
0.419260
0.462646
0.018744
-0.211073
0.585702
0.560826
-0.304099
-0.061912
0.198388
0.093952
0.034262
-0.756451
-0.243523
-0.084711
-0.976094
0.295826
0.601868
-0.606043
-0.323775
-0.266417
0.152790
0.178683
-0.113043
0.117518
0.124732
0.183668
-0.078072
-0.339161
0.187197
-0.346986
0.163709
0.010026
0.359378
0.308156
0.248413
-0.102441
-0.429815
0.082226
0.366455
-0.078145
0.045342
-0.318457
-0.270027
0.345194
-0.096430
-0.086298
-0.323775
-0.488049
