-0.051212
0.189350
0.272819
0.064707
0.041626
-0.487546
-0.063055
0.029809
-0.119179
-0.218606
-0.090339
0.516937
-0.349316
-0.237571
-0.173122
-0.262778
-0.212635
-0.299854
-0.148141
0.013140
0.646257
1.602902
0.097291
0.040395
0.156206
0.117766
-0.180307
-0.111771
-0.266042
0.189350
-0.091883
0.301604
0.038863
0.013870
-0.529266
-0.189148
0.066434
-0.007913
-0.255347
-0.124839
2.600752
-0.279042
-0.159030
0.064636
-0.163020
-0.157932
-0.187349
-0.020422
0.068243
0.061832
0.957527
0.097882
0.179108
0.181582
0.147163
-0.093630
-0.047901
-0.140078
0.272819
0.301604
-0.953353
-0.434255
-0.478761
0.411952
0.586151
2.336709
1.497644
-0.481794
-0.406281
0.862886
-0.561788
-0.573780
0.753883
-0.559529
-0.388489
-0.568875
-0.494019
0.046528
-0.761197
-0.624989
-0.724259
-0.797025
-0.946808
-1.124452
4.405155
-0.134276
0.274919
0.064707
0.038863
-0.434255
0.125369
0.123205
-0.441605
-0.096414
-0.166221
-0.032088
-0.182968
-0.032307
-0.238486
-0.339611
-0.221094
-0.221656
-0.076252
-0.329500
-0.258952
2.772955
0.141110
-0.091833
0.099575
0.159718
0.030309
0.202543
0.214135
-0.098706
0.013148
-0.085145
0.041626
0.013870
-0.478761
0.123205
0.077771
-0.486720
-0.132231
-0.206199
-0.068363
-0.210226
0.210488
-0.272806
-0.304758
0.169574
-0.228408
1.107911
-0.256203
-0.055755
1.000934
0.087005
-0.161380
0.029762
0.480070
-0.007589
0.387432
0.216219
-0.115446
0.048540
-0.087221
-0.487546
-0.529266
0.411952
-0.441605
-0.486720
-1.106777
-0.727861
-0.420529
-0.704163
-0.517970
-0.745453
-0.917688
3.218475
-0.621212
-0.075991
-0.529224
-0.907152
0.690453
-0.584039
-0.788665
-1.046454
-1.027898
-0.909986
-0.835312
-1.425907
-1.053338
3.375791
2.507942
-0.078552
-0.063055
-0.189148
0.586151
-0.096414
-0.132231
-0.727861
-0.376393
0.740430
0.218043
-0.414366
-0.269129
5.069706
-0.174216
-0.185405
0.144502
-0.135401
-0.246176
-0.161249
0.124080
0.047213
-0.183184
0.130962
-0.011932
0.568856
0.105956
0.069291
0.288696
0.065132
-0.080477
0.029809
0.066434
2.336709
-0.166221
-0.206199
-0.420529
0.740430
-0.425588
3.470432
-0.317700
-0.182675
0.041193
-0.345127
-0.391434
0.156189
-0.352315
-0.462432
-0.400197
-0.134093
-0.068958
-0.560020
-0.413979
-0.429405
0.937618
-0.320083
-0.441105
1.909383
-0.048645
0.164724
-0.119179
-0.007913
1.497644
-0.032088
-0.068363
-0.704163
0.218043
3.470432
0.127433
-0.226917
-0.055765
1.635993
-0.156056
-0.166188
-0.016409
-0.120731
-0.249377
-0.146200
0.169142
0.095688
-0.125646
0.075567
0.028778
0.299929
0.110373
0.067717
0.357335
0.075675
-0.101367
-0.218606
-0.255347
-0.481794
-0.182968
-0.210226
-0.517970
-0.414366
-0.317700
-0.226917
-0.617953
0.497435
-0.325425
-0.580535
1.936775
-0.122762
-0.078889
-0.665573
-0.439085
-0.254914
-0.435657
-0.800426
-0.635100
0.289475
-0.196132
-0.641068
-0.878743
-0.884904
-1.664700
2.960875
-0.090339
-0.124839
-0.406281
-0.032307
0.210488
-0.745453
-0.269129
-0.182675
-0.055765
0.497435
-0.182439
-0.141010
-0.181307
3.202347
-0.147742
-0.022307
-0.375375
0.058757
0.122837
-0.021489
-0.359906
-0.128858
0.580312
-0.038188
0.634224
0.077508
0.066521
0.076806
0.099770
0.516937
2.600752
0.862886
-0.238486
-0.272806
-0.917688
5.069706
0.041193
1.635993
-0.325425
-0.141010
-0.094643
-0.395119
-0.123160
0.788446
-0.306060
-0.436854
-0.359578
-0.041653
0.699156
-0.410648
-0.192983
-0.153469
0.953863
-0.040825
-0.147803
0.838493
-0.063780
0.162679
-0.349316
-0.279042
-0.561788
-0.339611
-0.304758
3.218475
-0.174216
-0.345127
-0.156056
-0.580535
-0.181307
-0.395119
-0.752973
0.863261
0.442838
2.147714
-0.524363
-0.307991
0.045393
-0.295250
-0.725609
-0.523873
0.931888
-0.253724
-0.323999
-0.409153
0.529684
-0.106204
0.985565
-0.237571
-0.159030
-0.573780
-0.221094
0.169574
-0.621212
-0.185405
-0.391434
-0.166188
1.936775
3.202347
-0.123160
0.863261
-0.001597
-0.144915
0.064764
-0.547140
0.564255
0.077474
-0.065996
-0.517777
-0.257974
0.251448
-0.143695
0.655602
-0.051093
-0.037344
0.298192
0.375625
-0.173122
0.064636
0.753883
-0.221656
-0.228408
-0.075991
0.144502
0.156189
-0.016409
-0.122762
-0.147742
0.788446
0.442838
-0.144915
-0.384787
-0.355026
-0.823047
0.853420
-0.148270
-0.194066
-0.641521
-0.205641
-0.314042
0.089335
-0.452052
0.582224
-0.084918
1.105326
0.426108
-0.262778
-0.163020
-0.559529
-0.076252
1.107911
-0.529224
-0.135401
-0.352315
-0.120731
-0.078889
-0.022307
-0.306060
2.147714
0.064764
-0.355026
-0.379594
-0.841457
1.027790
-0.111923
-0.295844
-0.829857
-0.551524
-0.323376
-0.538261
1.864613
0.103315
-0.239010
1.242231
0.256852
-0.212635
-0.157932
-0.388489
-0.329500
-0.256203
-0.907152
-0.246176
-0.462432
-0.249377
-0.665573
-0.375375
-0.436854
-0.524363
-0.547140
-0.823047
-0.841457
-1.386398
-0.768746
-0.782749
-0.893465
3.282334
0.419137
-0.604791
-0.824244
-0.770105
0.580115
-1.014180
-0.986955
-2.477028
-0.299854
-0.187349
-0.568875
-0.258952
-0.055755
0.690453
-0.161249
-0.400197
-0.146200
-0.439085
0.058757
-0.359578
-0.307991
0.564255
0.853420
1.027790
-0.768746
-0.413170
0.270793
-0.379664
-0.613507
-0.541807
0.150519
-0.468147
-0.327636
0.108982
-0.070850
0.758648
0.669143
-0.148141
-0.020422
-0.494019
2.772955
1.000934
-0.584039
0.124080
-0.134093
0.169142
-0.254914
0.122837
-0.041653
0.045393
0.077474
-0.148270
-0.111923
-0.782749
0.270793
0.066803
-0.155816
-0.400895
-0.281364
-0.059739
-0.266132
0.116122
0.935070
-0.027657
0.513101
0.061443
0.013140
0.068243
0.046528
0.141110
0.087005
-0.788665
0.047213
-0.068958
0.095688
-0.435657
-0.021489
0.699156
-0.295250
-0.065996
-0.194066
-0.295844
-0.893465
-0.379664
-0.155816
-0.421563
0.347717
2.350840
0.073811
-0.079089
0.145028
0.157622
0.131587
0.109244
-0.133343
0.646257
0.061832
-0.761197
-0.091833
-0.161380
-1.046454
-0.183184
-0.560020
-0.125646
-0.800426
-0.359906
-0.410648
-0.725609
-0.517777
-0.641521
-0.829857
3.282334
-0.613507
-0.400895
0.347717
-0.857309
0.301633
-0.521031
-0.831851
-0.671410
-0.669806
-1.061705
-1.583601
-3.176513
1.602902
0.957527
-0.624989
0.099575
0.029762
-1.027898
0.130962
-0.413979
0.075567
-0.635100
-0.128858
-0.192983
-0.523873
-0.257974
-0.205641
-0.551524
0.419137
-0.541807
-0.281364
2.350840
0.301633
-0.021730
-0.098806
-0.366445
-0.088764
-0.061990
-0.258033
-0.416885
-1.148611
0.097291
0.097882
-0.724259
0.159718
0.480070
-0.909986
-0.011932
-0.429405
0.028778
0.289475
0.580312
-0.153469
0.931888
0.251448
-0.314042
-0.323376
-0.604791
0.150519
-0.059739
0.073811
-0.521031
-0.098806
-0.196221
-0.512576
1.165477
0.111185
-0.230302
0.358779
-0.322816
0.040395
0.179108
-0.797025
0.030309
-0.007589
-0.835312
0.568856
0.937618
0.299929
-0.196132
-0.038188
0.953863
-0.253724
-0.143695
0.089335
-0.538261
-0.824244
-0.468147
-0.266132
-0.079089
-0.831851
-0.366445
-0.512576
-0.933407
-0.447959
-0.709212
-0.807003
-1.364800
2.117749
0.156206
0.181582
-0.946808
0.202543
0.387432
-1.425907
0.105956
-0.320083
0.110373
-0.641068
0.634224
-0.040825
-0.323999
0.655602
-0.452052
1.864613
-0.770105
-0.327636
0.116122
0.145028
-0.671410
-0.088764
1.165477
-0.447959
0.246630
0.100332
-0.234609
-0.127260
-0.147141
0.117766
0.147163
-1.124452
0.214135
0.216219
-1.053338
0.069291
-0.441105
0.067717
-0.878743
0.077508
-0.147803
-0.409153
-0.051093
0.582224
0.103315
0.580115
0.108982
0.935070
0.157622
-0.669806
-0.061990
0.111185
-0.709212
0.100332
-0.168591
0.197366
-0.338978
-0.355761
-0.180307
-0.093630
4.405155
-0.098706
-0.115446
3.375791
0.288696
1.909383
0.357335
-0.884904
0.066521
0.838493
0.529684
-0.037344
-0.084918
-0.239010
-1.014180
-0.070850
-0.027657
0.131587
-1.061705
-0.258033
-0.230302
-0.807003
-0.234609
0.197366
-0.941204
0.518438
0.384259
-0.111771
-0.047901
-0.134276
0.013148
0.048540
2.507942
0.065132
-0.048645
0.075675
-1.664700
0.076806
-0.063780
-0.106204
0.298192
1.105326
1.242231
-0.986955
0.758648
0.513101
0.109244
-1.583601
-0.416885
0.358779
-1.364800
-0.127260
-0.338978
0.518438
-0.491091
0.320984
-0.266042
-0.140078
0.274919
-0.085145
-0.087221
-0.078552
-0.080477
0.164724
-0.101367
2.960875
0.099770
0.162679
0.985565
0.375625
0.426108
0.256852
-2.477028
0.669143
0.061443
-0.133343
-3.176513
-1.148611
-0.322816
2.117749
-0.147141
-0.355761
0.384259
0.320984
-0.003525
