0.000000
0.260084
0.762316
0.000000
0.000000
0.013510
0.123661
0.352110
0.030329
0.000326
0.000001
0.933071
0.000923
0.000010
0.101701
0.000011
0.127898
0.000769
0.000008
0.178983
0.990795
1.685010
0.000006
0.048188
0.000000
0.002917
0.162171
0.001920
0.006694
0.263855
0.260084
0.000000
0.808646
0.000000
0.000000
0.019096
0.034763
0.421747
0.175054
0.001066
0.000003
2.940265
0.001568
0.000025
0.245705
0.000017
0.075925
0.001551
0.000011
0.093765
0.283328
0.956359
0.000012
0.176060
0.000000
0.003708
0.214351
0.002965
0.020162
0.089306
0.762316
0.808646
0.000000
0.000011
0.000023
1.437067
1.242035
3.022455
1.943431
0.047828
0.000251
1.468033
0.117951
0.002247
1.314982
0.002121
0.262299
0.063497
0.000375
0.556453
0.002119
0.032021
0.001763
0.151255
0.000017
0.103070
5.544435
0.160187
0.570868
0.056616
0.000000
0.000000
0.000011
0.000000
0.020628
0.001543
0.000000
0.000001
0.000000
0.001233
0.007247
0.000001
0.025265
0.020182
0.000319
0.183184
0.000668
0.039304
2.724642
0.000000
0.000024
0.000005
0.027564
0.000006
0.001573
0.042836
0.000155
0.029910
0.000271
0.000111
0.000000
0.000000
0.000023
0.020628
0.000000
0.004481
0.000000
0.000004
0.000000
0.017162
0.276615
0.000002
0.096326
0.422528
0.000872
1.306397
0.000396
0.152296
0.854113
0.000000
0.000015
0.000004
0.392331
0.000038
0.201392
0.047048
0.000364
0.072613
0.001966
0.000052
0.013510
0.019096
1.437067
0.001543
0.004481
0.000000
0.029572
0.423004
0.023326
0.389250
0.027937
0.116548
4.217463
0.220732
0.758168
0.307530
0.103048
1.610776
0.024109
0.012457
0.099413
0.028549
0.229318
0.563007
0.003964
0.692557
5.012689
3.095655
0.084578
0.065718
0.123661
0.034763
1.242035
0.000000
0.000000
0.029572
0.000000
1.139651
0.470699
0.002597
0.000007
5.320558
0.002201
0.000047
0.283098
0.000026
0.033605
0.001908
0.000008
0.050436
0.087801
0.190127
0.000023
0.658188
0.000000
0.002988
0.306277
0.003422
0.050164
0.029339
0.352110
0.421747
3.022455
0.000001
0.000004
0.423004
1.139651
0.000000
3.628491
0.024190
0.000079
0.220465
0.026289
0.000677
0.488101
0.000451
0.054033
0.012924
0.000047
0.209549
0.026148
0.000715
0.000503
1.405600
0.000003
0.015310
2.241897
0.030097
0.388639
0.023720
0.030329
0.175054
1.943431
0.000000
0.000000
0.023326
0.470699
3.628491
0.000000
0.000854
0.000002
1.599407
0.001094
0.000018
0.072107
0.000014
0.023660
0.000620
0.000003
0.050064
0.121428
0.090493
0.000013
0.289403
0.000000
0.001244
0.261217
0.001583
0.019534
0.032863
0.000326
0.001066
0.047828
0.001233
0.017162
0.389250
0.002597
0.024190
0.000854
0.000000
0.907897
0.011739
0.064735
2.480955
0.329704
0.409001
0.004483
0.122693
0.008392
0.000352
0.001298
0.000925
0.886573
0.444027
0.018713
0.000017
0.231644
0.001802
4.220875
0.001081
0.000001
0.000003
0.000251
0.007247
0.276615
0.027937
0.000007
0.000079
0.000002
0.907897
0.000000
0.000036
0.258013
3.346675
0.006153
0.161346
0.000299
0.277734
0.000245
0.000001
0.000021
0.000009
0.580233
0.001726
0.563506
0.020999
0.002861
0.105032
0.066641
0.000039
0.933071
2.940265
1.468033
0.000001
0.000002
0.116548
5.320558
0.220465
1.599407
0.011739
0.000036
0.000000
0.011013
0.000258
1.059771
0.000143
0.085141
0.009990
0.000045
0.843638
0.077934
0.057560
0.000126
1.113630
0.000001
0.014029
0.893324
0.016890
0.190623
0.044856
0.000923
0.001568
0.117951
0.025265
0.096326
4.217463
0.002201
0.026289
0.001094
0.064735
0.258013
0.011013
0.000000
1.261150
0.957843
2.610571
0.151071
0.206346
0.206628
0.000984
0.020862
0.006011
1.272906
0.114099
0.076177
0.169356
1.023173
0.516316
1.295284
0.031354
0.000010
0.000025
0.002247
0.020182
0.422528
0.220732
0.000047
0.000677
0.000018
2.480955
3.346675
0.000258
1.261150
0.000000
0.036586
0.230789
0.002242
0.878845
0.006746
0.000011
0.000191
0.000068
0.291869
0.010040
0.725649
0.089115
0.024247
0.514014
0.345406
0.000332
0.101701
0.245705
1.314982
0.000319
0.000872
0.758168
0.283098
0.488101
0.072107
0.329704
0.006153
1.059771
0.957843
0.036586
0.000000
0.028127
0.000038
1.353466
0.012768
0.125089
0.168047
0.323073
0.017141
0.554670
0.000405
1.134950
0.343055
1.506185
0.421226
0.040241
0.000011
0.000017
0.002121
0.183184
1.306397
0.307530
0.000026
0.000451
0.000014
0.409001
0.161346
0.000143
2.610571
0.230789
0.028127
0.000000
0.007730
1.429798
0.016103
0.000011
0.000500
0.000102
0.045204
0.003123
2.180823
0.382047
0.026836
1.403115
0.110745
0.001205
0.127898
0.075925
0.262299
0.000668
0.000396
0.103048
0.033605
0.054033
0.023660
0.004483
0.000299
0.085141
0.151071
0.002242
0.000038
0.007730
0.000000
0.170748
0.024144
0.145942
4.543773
1.222921
0.002079
0.005671
0.000149
1.532912
0.040167
0.432840
0.004278
3.646350
0.000769
0.001551
0.063497
0.039304
0.152296
1.610776
0.001908
0.012924
0.000620
0.122693
0.277734
0.009990
0.206346
0.878845
1.353466
1.429798
0.170748
0.000000
0.463034
0.000927
0.018251
0.008350
0.523339
0.076869
0.075462
0.632793
0.548564
1.235955
0.932531
0.030134
0.000008
0.000011
0.000375
2.724642
0.854113
0.024109
0.000008
0.000047
0.000003
0.008392
0.000245
0.000045
0.206628
0.006746
0.012768
0.016103
0.024144
0.463034
0.000000
0.000010
0.001003
0.000292
0.002820
0.000194
0.160494
0.921762
0.004353
0.393552
0.004674
0.004035
0.178983
0.093765
0.556453
0.000000
0.000000
0.012457
0.050436
0.209549
0.050064
0.000352
0.000001
0.843638
0.000984
0.000011
0.125089
0.000011
0.145942
0.000927
0.000010
0.000000
0.963623
2.562389
0.000006
0.042974
0.000000
0.003532
0.143695
0.002138
0.006773
0.276691
0.990795
0.283328
0.002119
0.000024
0.000015
0.099413
0.087801
0.026148
0.121428
0.001298
0.000021
0.077934
0.020862
0.000191
0.168047
0.000500
4.543773
0.018251
0.001003
0.963623
0.000000
0.785706
0.000173
0.000494
0.000006
0.151701
0.195330
0.055968
0.008929
4.342806
1.685010
0.956359
0.032021
0.000005
0.000004
0.028549
0.190127
0.000715
0.090493
0.000925
0.000009
0.057560
0.006011
0.000068
0.323073
0.000102
1.222921
0.008350
0.000292
2.562389
0.785706
0.000000
0.000039
0.004755
0.000001
0.047318
0.125432
0.016745
0.008554
1.138647
0.000006
0.000012
0.001763
0.027564
0.392331
0.229318
0.000023
0.000503
0.000013
0.886573
0.580233
0.000126
1.272906
0.291869
0.017141
0.045204
0.002079
0.523339
0.002820
0.000006
0.000173
0.000039
0.000000
0.004839
1.179319
0.081076
0.019851
0.478948
0.166111
0.000333
0.048188
0.176060
0.151255
0.000006
0.000038
0.563007
0.658188
1.405600
0.289403
0.444027
0.001726
1.113630
0.114099
0.010040
0.554670
0.003123
0.005671
0.076869
0.000194
0.042974
0.000494
0.004755
0.004839
0.000000
0.000032
0.027372
0.399319
0.091989
3.426859
0.000245
0.000000
0.000000
0.000017
0.001573
0.201392
0.003964
0.000000
0.000003
0.000000
0.018713
0.563506
0.000001
0.076177
0.725649
0.000405
2.180823
0.000149
0.075462
0.160494
0.000000
0.000006
0.000001
1.179319
0.000032
0.000000
0.017763
0.000262
0.042508
0.001762
0.000020
0.002917
0.003708
0.103070
0.042836
0.047048
0.692557
0.002988
0.015310
0.001244
0.000017
0.020999
0.014029
0.169356
0.089115
1.134950
0.382047
1.532912
0.632793
0.921762
0.003532
0.151701
0.047318
0.081076
0.027372
0.017763
0.000000
0.649419
0.057337
0.106158
0.326473
0.162171
0.214351
5.544435
0.000155
0.000364
5.012689
0.306277
2.241897
0.261217
0.231644
0.002861
0.893324
1.023173
0.024247
0.343055
0.026836
0.040167
0.548564
0.004353
0.143695
0.195330
0.125432
0.019851
0.399319
0.000262
0.649419
0.000000
1.279954
0.831287
0.018475
0.001920
0.002965
0.160187
0.029910
0.072613
3.095655
0.003422
0.030097
0.001583
0.001802
0.105032
0.016890
0.516316
0.514014
1.506185
1.403115
0.432840
1.235955
0.393552
0.002138
0.055968
0.016745
0.478948
0.091989
0.042508
0.057337
1.279954
0.000000
0.647180
0.091219
0.006694
0.020162
0.570868
0.000271
0.001966
0.084578
0.050164
0.388639
0.019534
4.220875
0.066641
0.190623
1.295284
0.345406
0.421226
0.110745
0.004278
0.932531
0.004674
0.006773
0.008929
0.008554
0.166111
3.426859
0.001762
0.106158
0.831287
0.647180
0.000000
0.003525
0.263855
0.089306
0.056616
0.000111
0.000052
0.065718
0.029339
0.023720
0.032863
0.001081
0.000039
0.044856
0.031354
0.000332
0.040241
0.001205
3.646350
0.030134
0.004035
0.276691
4.342806
1.138647
0.000333
0.000245
0.000020
0.326473
0.018475
0.091219
0.003525
0.000000
