0.698937
-0.092450
-0.141337
0.628343
-0.191206
-0.260748
-0.169649
0.267285
0.325993
-0.213258
0.252032
-0.183014
-0.254339
-0.222299
-0.219824
-0.222262
-0.276997
0.001571
-0.266660
-0.303977
-0.222848
0.123849
-0.180891
0.375692
0.055224
-0.146145
-0.006261
0.635936
0.067537
-0.092450
0.625871
-0.199132
-0.086653
0.239261
0.071880
0.139765
0.333618
0.118304
0.328665
-0.004991
0.403302
0.063621
-0.052220
-0.016669
0.591791
-0.006062
-0.127958
0.287317
-0.042741
-0.082314
-0.091237
-0.150158
0.126768
-0.067397
0.004555
0.287453
0.059966
-0.058944
-0.141337
-0.199132
0.680862
-0.131341
-0.232541
-0.164168
-0.251205
-0.195102
-0.066995
-0.291921
-0.145591
-0.318915
-0.164079
0.156756
-0.211738
-0.304155
-0.166046
0.049793
-0.329265
-0.142049
0.470503
-0.109099
0.321733
-0.275217
-0.033291
0.075583
-0.312878
-0.409747
0.138313
0.628343
-0.086653
-0.131341
0.885243
-0.134349
-0.231105
-0.108378
0.218685
0.159996
-0.184754
0.164611
-0.143569
-0.224255
-0.183195
-0.187511
-0.196801
-0.223540
-0.036163
-0.199333
-0.249902
-0.180765
0.132681
-0.180438
0.345989
0.042440
-0.205129
-0.076332
0.670582
0.078433
-0.191206
0.239261
-0.232541
-0.134349
0.709548
0.179885
0.458792
-0.007242
-0.146750
0.464863
-0.171539
0.627427
0.162013
-0.037278
0.085421
0.439844
0.125998
-0.155419
0.842053
0.087935
-0.000808
-0.013108
-0.072852
0.031843
0.032211
-0.049329
0.098415
0.034138
-0.017918
-0.260748
0.071880
-0.164168
-0.231105
0.179885
0.495940
0.162535
-0.139658
-0.194789
0.320472
-0.168607
0.206839
0.502944
0.219129
0.306049
0.322435
0.434404
-0.135581
0.335836
0.316088
-0.035151
-0.106207
-0.110115
-0.075338
-0.117972
0.047623
0.074448
-0.134205
-0.204614
-0.169649
0.139765
-0.251205
-0.108378
0.458792
0.162535
0.728926
0.011517
-0.148951
0.458905
-0.082399
0.561697
0.129225
-0.055171
0.289674
0.326069
0.136613
-0.134061
0.496254
0.145575
-0.044677
-0.043131
-0.115437
0.068399
-0.021582
-0.058803
0.175041
0.050517
-0.048201
0.267285
0.333618
-0.195102
0.218685
-0.007242
-0.139658
0.011517
0.709545
0.408471
0.064566
0.184149
0.132450
-0.114346
-0.146269
-0.108021
0.189772
-0.150512
-0.122988
-0.008689
-0.187734
-0.164205
-0.103897
-0.229180
0.416921
-0.076191
-0.063316
0.324177
0.300216
-0.009783
0.325993
0.118304
-0.066995
0.159996
-0.146750
-0.194789
-0.148951
0.408471
0.646877
-0.097135
0.238291
-0.075300
-0.174965
-0.155215
-0.191550
-0.008148
-0.237337
-0.035858
-0.175818
-0.275199
-0.126602
-0.063239
-0.139388
0.256762
-0.021262
0.070014
0.207037
0.258047
-0.004083
-0.213258
0.328665
-0.291921
-0.184754
0.464863
0.320472
0.458905
0.064566
-0.097135
0.595913
-0.088241
0.613795
0.265265
-0.013853
0.227641
0.590514
0.175051
-0.169880
0.559400
0.125519
-0.082322
-0.102748
-0.165885
0.069303
-0.094000
-0.004526
0.260513
0.019974
-0.119573
0.252032
-0.004991
-0.145591
0.164611
-0.171539
-0.168607
-0.082399
0.184149
0.238291
-0.088241
0.470918
-0.083033
-0.196902
-0.214843
-0.058328
-0.076780
-0.268552
0.090618
-0.231951
-0.224579
-0.249716
-0.051690
-0.192729
0.259289
-0.198609
0.050047
0.281231
0.288475
-0.059129
-0.183014
0.403302
-0.318915
-0.143569
0.627427
0.206839
0.561697
0.132450
-0.075300
0.613795
-0.083033
0.768062
0.168808
-0.073878
0.149581
0.621124
0.098395
-0.178619
0.691258
0.063112
-0.079754
-0.078402
-0.166543
0.120090
-0.054554
-0.038535
0.270611
0.082811
-0.070759
-0.254339
0.063621
-0.164079
-0.224255
0.162013
0.502944
0.129225
-0.114346
-0.174965
0.265265
-0.196902
0.168808
0.604792
0.351393
0.275482
0.298136
0.578788
-0.165474
0.347797
0.367822
-0.035481
-0.121689
-0.135785
-0.054741
-0.126401
0.043102
0.060153
-0.130046
-0.238073
-0.222299
-0.052220
0.156756
-0.183195
-0.037278
0.219129
-0.055171
-0.146269
-0.155215
-0.013853
-0.214843
-0.073878
0.351393
0.664705
0.102174
0.043634
0.445410
-0.131018
0.055775
0.328389
0.087566
-0.152050
-0.056227
-0.143138
-0.155650
0.057086
-0.111554
-0.274833
-0.249807
-0.219824
-0.016669
-0.211738
-0.187511
0.085421
0.306049
0.289674
-0.108021
-0.191550
0.227641
-0.058328
0.149581
0.275482
0.102174
0.646851
0.150913
0.379207
-0.109302
0.175046
0.541082
-0.100922
-0.129319
-0.165110
-0.021924
-0.180902
0.020954
0.127079
-0.102902
-0.237246
-0.222262
0.591791
-0.304155
-0.196801
0.439844
0.322435
0.326069
0.189772
-0.008148
0.590514
-0.076780
0.621124
0.298136
0.043634
0.150913
0.814256
0.176617
-0.208194
0.564837
0.100431
-0.107516
-0.152387
-0.223317
0.100469
-0.145652
0.027854
0.337824
0.022113
-0.169112
-0.276997
-0.006062
-0.166046
-0.223540
0.125998
0.434404
0.136613
-0.150512
-0.237337
0.175051
-0.268552
0.098395
0.578788
0.445410
0.379207
0.176617
0.892339
-0.195236
0.321710
0.652643
-0.013546
-0.115774
-0.136598
-0.062388
-0.107836
-0.003401
0.003696
-0.151227
-0.246761
0.001571
-0.127958
0.049793
-0.036163
-0.155419
-0.135581
-0.134061
-0.122988
-0.035858
-0.169880
0.090618
-0.178619
-0.165474
-0.131018
-0.109302
-0.208194
-0.195236
0.349146
-0.225236
-0.134713
-0.059825
0.156261
0.177715
-0.101755
-0.016821
0.034930
-0.118272
-0.064593
0.119714
-0.266660
0.287317
-0.329265
-0.199333
0.842053
0.335836
0.496254
-0.008689
-0.175818
0.559400
-0.231951
0.691258
0.347797
0.055775
0.175046
0.564837
0.321710
-0.225236
1.160027
0.221202
-0.032518
-0.050515
-0.142417
0.047684
-0.011660
-0.042035
0.142812
0.027182
-0.095675
-0.303977
-0.042741
-0.142049
-0.249902
0.087935
0.316088
0.145575
-0.187734
-0.275199
0.125519
-0.224579
0.063112
0.367822
0.328389
0.541082
0.100431
0.652643
-0.134713
0.221202
0.883967
-0.045362
-0.138525
-0.126321
-0.109196
-0.187189
0.003514
-0.029064
-0.241039
-0.280052
-0.222848
-0.082314
0.470503
-0.180765
-0.000808
-0.035151
-0.044677
-0.164205
-0.126602
-0.082322
-0.249716
-0.079754
-0.035481
0.087566
-0.100922
-0.107516
-0.013546
-0.059825
-0.032518
-0.045362
0.607989
-0.110027
0.329660
-0.227968
0.079995
-0.014760
-0.235541
-0.356444
0.219104
0.123849
-0.091237
-0.109099
0.132681
-0.013108
-0.106207
-0.043131
-0.103897
-0.063239
-0.102748
-0.051690
-0.078402
-0.121689
-0.152050
-0.129319
-0.152387
-0.115774
0.156261
-0.050515
-0.138525
-0.110027
0.552579
0.068251
-0.054989
0.343788
-0.113274
-0.149669
0.236230
0.140876
-0.180891
-0.150158
0.321733
-0.180438
-0.072852
-0.110115
-0.115437
-0.229180
-0.139388
-0.165885
-0.192729
-0.166543
-0.135785
-0.056227
-0.165110
-0.223317
-0.136598
0.177715
-0.142417
-0.126321
0.329660
0.068251
0.453039
-0.278907
0.146753
-0.009994
-0.296468
-0.341786
0.307338
0.375692
0.126768
-0.275217
0.345989
0.031843
-0.075338
0.068399
0.416921
0.256762
0.069303
0.259289
0.120090
-0.054741
-0.143138
-0.021924
0.100469
-0.062388
-0.101755
0.047684
-0.109196
-0.227968
-0.054989
-0.278907
0.507669
-0.136363
-0.124563
0.274334
0.472323
-0.029529
0.055224
-0.067397
-0.033291
0.042440
0.032211
-0.117972
-0.021582
-0.076191
-0.021262
-0.094000
-0.198609
-0.054554
-0.126401
-0.155650
-0.180902
-0.145652
-0.107836
-0.016821
-0.011660
-0.187189
0.079995
0.343788
0.146753
-0.136363
0.865172
-0.120850
-0.159822
0.105557
0.229416
-0.146145
0.004555
0.075583
-0.205129
-0.049329
0.047623
-0.058803
-0.063316
0.070014
-0.004526
0.050047
-0.038535
0.043102
0.057086
0.020954
0.027854
-0.003401
0.034930
-0.042035
0.003514
-0.014760
-0.113274
-0.009994
-0.124563
-0.120850
0.247486
0.058655
-0.193606
-0.156623
-0.006261
0.287453
-0.312878
-0.076332
0.098415
0.074448
0.175041
0.324177
0.207037
0.260513
0.281231
0.270611
0.060153
-0.111554
0.127079
0.337824
0.003696
-0.118272
0.142812
-0.029064
-0.235541
-0.149669
-0.296468
0.274334
-0.159822
0.058655
0.542011
0.170773
-0.160505
0.635936
0.059966
-0.409747
0.670582
0.034138
-0.134205
0.050517
0.300216
0.258047
0.019974
0.288475
0.082811
-0.130046
-0.274833
-0.102902
0.022113
-0.151227
-0.064593
0.027182
-0.241039
-0.356444
0.236230
-0.341786
0.472323
0.105557
-0.193606
0.170773
0.891408
-0.000103
0.067537
-0.058944
0.138313
0.078433
-0.017918
-0.204614
-0.048201
-0.009783
-0.004083
-0.119573
-0.059129
-0.070759
-0.238073
-0.249807
-0.237246
-0.169112
-0.246761
0.119714
-0.095675
-0.280052
0.219104
0.140876
0.307338
-0.029529
0.229416
-0.156623
-0.160505
-0.000103
0.453311
