0.008435
0.000104
1.478035
-0.435464
-0.042433
-0.523752
0.712458
0.307304
0.074819
-0.171868
0.483327
0.155340
-0.153257
-0.111538
0.075963
-0.122988
-0.366302
-0.251165
-0.070888
-0.406178
-0.205182
0.096449
-0.244682
-0.098915
-0.342279
0.088206
-0.263020
0.128879
0.349494
0.000104
-0.008995
-0.301705
-0.499471
-0.191435
-0.353645
-0.424073
-0.288701
-0.491357
-0.403232
-0.546282
-0.276306
0.734708
-0.470435
-0.179511
-0.028865
0.682635
-0.155386
-0.255600
-0.316508
0.135491
-0.408632
-0.103350
-0.376580
2.109162
0.102322
0.591163
-0.179875
0.093612
1.478035
-0.301705
-0.618063
-0.192274
0.208899
-0.462109
-0.684174
2.400412
1.263802
0.008469
-0.583691
-0.363250
-0.481828
1.149494
-0.199808
-0.388854
-0.642281
-0.472791
0.053880
-0.638929
-0.590725
-0.659522
-0.695549
-0.694188
-0.960992
2.706263
-0.437888
0.107323
0.237676
-0.435464
-0.499471
-0.192274
-1.231215
-0.549504
-1.354121
-0.950405
1.677571
1.257181
-0.815551
-0.971163
-0.824370
-0.556075
0.214388
-0.882318
2.301591
0.636213
1.893184
-0.588764
1.289171
-0.191579
-0.657038
1.657355
-0.429422
-0.082141
-0.232755
0.878120
0.440650
0.041363
-0.042433
-0.191435
0.208899
-0.549504
-0.514404
2.121086
0.076729
-0.049416
-0.530251
-0.207525
0.074518
0.924815
-0.227764
-0.518869
-0.258560
-0.073408
0.139017
-0.000944
0.125782
-0.106391
-0.295111
0.065473
0.006010
-0.475756
0.498426
0.000104
-0.062001
-0.440687
0.794764
-0.523752
-0.353645
-0.462109
-1.354121
2.121086
-1.269798
-0.733457
0.019174
0.855884
-0.086986
-0.744330
-0.527319
-0.139772
1.597844
-0.733622
0.020131
1.460345
0.034896
-0.644867
-0.440646
-0.262516
-0.866655
0.045426
-0.841035
1.358490
-0.614292
-0.214860
-0.125645
-1.044876
0.712458
-0.424073
-0.684174
-0.950405
0.076729
-0.733457
-0.940242
-0.525857
0.156461
0.701168
-0.933427
-0.509404
-0.843969
-0.567845
1.184520
-0.680002
-0.967794
-0.940089
0.115261
-1.079635
-1.130703
1.342200
-1.015066
1.769113
-0.835242
-0.541914
-1.139741
1.008162
-0.831733
0.307304
-0.288701
2.400412
1.677571
-0.049416
0.019174
-0.525857
-0.180826
0.258449
-0.213793
-0.623366
-0.254617
-0.411978
0.902456
-0.183330
0.109435
-0.204592
0.712067
-0.070985
0.109784
-0.296104
-0.266220
0.427251
-0.220249
-0.156522
0.720203
0.028977
-0.424373
0.542648
0.074819
-0.491357
1.263802
1.257181
-0.530251
0.855884
0.156461
0.258449
-0.663288
0.048395
-0.052239
-0.205657
-0.559402
-0.539467
-0.404746
0.443489
-0.075159
0.478727
-0.284287
1.674285
-0.447114
-0.103609
0.286980
-0.452934
-0.140376
-0.033189
0.309761
0.210186
0.722444
-0.171868
-0.403232
0.008469
-0.815551
-0.207525
-0.086986
0.701168
-0.213793
0.048395
-0.905749
0.721815
0.071229
-0.563348
-0.643159
-0.637975
-0.013754
-0.156554
-0.351639
-0.547716
0.347050
-0.800448
-0.352659
-0.554518
-0.877413
-0.416095
-0.950376
-0.416524
1.157403
-0.669876
0.483327
-0.546282
-0.583691
-0.971163
0.074518
-0.744330
-0.933427
-0.623366
-0.052239
0.721815
-1.117552
-0.452079
-1.019711
-0.694523
1.310474
-0.751471
-1.100114
-1.021382
0.142820
-1.111729
-1.341737
2.003900
-1.071376
2.100279
-0.865691
-0.579559
-1.146549
0.581053
-0.977004
0.155340
-0.276306
-0.363250
-0.824370
0.924815
-0.527319
-0.509404
-0.254617
-0.205657
0.071229
-0.452079
-0.416907
-0.661243
-0.301337
0.018433
-0.443135
-0.769120
-0.661526
2.339046
-0.633734
-0.683739
0.256467
-0.550152
0.218756
-0.564542
-0.235736
-0.723043
-0.572886
-1.053818
-0.153257
0.734708
-0.481828
-0.556075
-0.227764
-0.139772
-0.843969
-0.411978
-0.559402
-0.563348
-1.019711
-0.661243
-0.938267
-0.635602
-0.580012
0.096113
2.775380
0.769769
-0.350091
-0.068899
-0.786703
-0.562184
1.044959
-0.406677
2.385398
0.095804
0.362128
-0.096403
-0.055376
-0.111538
-0.470435
1.149494
0.214388
-0.518869
1.597844
-0.567845
0.902456
-0.539467
-0.643159
-0.694523
-0.301337
-0.635602
-0.854532
-0.563246
0.158272
0.660495
1.177537
-0.168489
0.435631
-0.567341
-0.303945
0.959362
-0.415389
0.463114
-0.014317
-0.010758
-0.197364
0.607509
0.075963
-0.179511
-0.199808
-0.882318
-0.258560
-0.733622
1.184520
-0.183330
-0.404746
-0.637975
1.310474
0.018433
-0.580012
-0.563246
-0.268123
-0.157479
-0.341842
-0.359602
-0.195549
-0.381408
-0.780197
0.057499
-0.452486
0.753238
-0.237587
-0.308779
0.018450
0.647919
-0.240485
-0.122988
-0.028865
-0.388854
2.301591
-0.073408
0.020131
-0.680002
0.109435
0.443489
-0.013754
-0.751471
-0.443135
0.096113
0.158272
-0.157479
-0.335391
-0.463724
0.453859
-0.269643
2.021483
0.163341
-0.136303
0.001622
0.074947
-0.035483
0.028020
0.059636
0.147566
-0.115414
-0.366302
0.682635
-0.642281
0.636213
0.139017
1.460345
-0.967794
-0.204592
-0.075159
-0.156554
-1.100114
-0.769120
2.775380
0.660495
-0.341842
-0.463724
-0.687007
0.983102
-0.412602
0.164277
2.813983
-0.191647
0.511554
0.075737
0.043609
0.067782
-0.106473
-0.029767
-0.235182
-0.251165
-0.155386
-0.472791
1.893184
-0.000944
0.034896
-0.940089
0.712067
0.478727
-0.351639
-1.021382
-0.661526
0.769769
1.177537
-0.359602
0.453859
0.983102
-0.240668
-0.270296
-0.420816
1.199257
-0.279112
0.613801
-0.061994
0.270324
0.021881
0.166522
0.080128
-0.138218
-0.070888
-0.255600
0.053880
-0.588764
0.125782
-0.644867
0.115261
-0.070985
-0.284287
-0.547716
0.142820
2.339046
-0.350091
-0.168489
-0.195549
-0.269643
-0.412602
-0.270296
-0.317325
-0.540841
-0.498926
0.667684
-0.304790
-0.166370
-0.390526
-0.242555
-0.679769
-0.522358
0.561552
-0.406178
-0.316508
-0.638929
1.289171
-0.106391
-0.440646
-1.079635
0.109784
1.674285
0.347050
-1.111729
-0.633734
-0.068899
0.435631
-0.381408
2.021483
0.164277
-0.420816
-0.540841
-0.829030
-0.247967
-0.666744
-0.449314
-0.382715
-0.581795
-0.909813
2.110453
0.707000
-0.331348
-0.205182
0.135491
-0.590725
-0.191579
-0.295111
-0.262516
-1.130703
-0.296104
-0.447114
-0.800448
-1.341737
-0.683739
-0.786703
-0.567341
-0.780197
0.163341
2.813983
1.199257
-0.498926
-0.247967
-0.636586
-0.621929
1.832956
-0.329712
1.870722
0.031890
0.405932
-0.032597
-0.031114
0.096449
-0.408632
-0.659522
-0.657038
0.065473
-0.866655
1.342200
-0.266220
-0.103609
-0.352659
2.003900
0.256467
-0.562184
-0.303945
0.057499
-0.136303
-0.191647
-0.279112
0.667684
-0.666744
-0.621929
-0.596509
-0.297352
0.523334
-0.287528
-0.312585
-0.485467
0.427530
-0.973181
-0.244682
-0.103350
-0.695549
1.657355
0.006010
0.045426
-1.015066
0.427251
0.286980
-0.554518
-1.071376
-0.550152
1.044959
0.959362
-0.452486
0.001622
0.511554
0.613801
-0.304790
-0.449314
1.832956
-0.297352
0.079955
-0.019434
0.309957
-0.037328
0.181745
0.091317
-0.232629
-0.098915
-0.376580
-0.694188
-0.429422
-0.475756
-0.841035
1.769113
-0.220249
-0.452934
-0.877413
2.100279
0.218756
-0.406677
-0.415389
0.753238
0.074947
0.075737
-0.061994
-0.166370
-0.382715
-0.329712
0.523334
-0.019434
-0.255656
0.042896
-0.301578
0.258989
0.585043
-0.124554
-0.342279
2.109162
-0.960992
-0.082141
0.498426
1.358490
-0.835242
-0.156522
-0.140376
-0.416095
-0.865691
-0.564542
2.385398
0.463114
-0.237587
-0.035483
0.043609
0.270324
-0.390526
-0.581795
1.870722
-0.287528
0.309957
0.042896
0.127345
-0.132026
0.096480
0.047088
-0.516441
0.088206
0.102322
2.706263
-0.232755
0.000104
-0.614292
-0.541914
0.720203
-0.033189
-0.950376
-0.579559
-0.235736
0.095804
-0.014317
-0.308779
0.028020
0.067782
0.021881
-0.242555
-0.909813
0.031890
-0.312585
-0.037328
-0.301578
-0.132026
-0.517709
-0.338732
-0.437487
0.932396
-0.263020
0.591163
-0.437888
0.878120
-0.062001
-0.214860
-1.139741
0.028977
0.309761
-0.416524
-1.146549
-0.723043
0.362128
-0.010758
0.018450
0.059636
-0.106473
0.166522
-0.679769
2.110453
0.405932
-0.485467
0.181745
0.258989
0.096480
-0.338732
-0.015433
0.322602
-0.285938
0.128879
-0.179875
0.107323
0.440650
-0.440687
-0.125645
1.008162
-0.424373
0.210186
1.157403
0.581053
-0.572886
-0.096403
-0.197364
0.647919
0.147566
-0.029767
0.080128
-0.522358
0.707000
-0.032597
0.427530
0.091317
0.585043
0.047088
-0.437487
0.322602
-0.428287
0.303613
0.349494
0.093612
0.237676
0.041363
0.794764
-1.044876
-0.831733
0.542648
0.722444
-0.669876
-0.977004
-1.053818
-0.055376
0.607509
-0.240485
-0.115414
-0.235182
-0.138218
0.561552
-0.331348
-0.031114
-0.973181
-0.232629
-0.124554
-0.516441
0.932396
-0.285938
0.303613
-1.039137
