0.008174
0.008542
-0.011457
0.008415
-0.025756
0.007742
0.006406
-0.016847
0.002153
0.002095
0.004150
0.007882
0.008505
-0.029131
-0.002631
0.007040
-0.000325
0.007568
0.008221
-0.004178
0.008573
0.000815
0.009602
-0.029642
0.006468
0.007891
-0.012612
-0.015641
0.001655
0.008542
0.008925
-0.011772
0.008800
-0.026566
0.008111
0.006732
-0.017333
0.002340
0.002285
0.004417
0.008288
0.008940
-0.030009
-0.002570
0.007451
-0.000160
0.008069
0.008721
-0.004094
0.009129
0.001129
0.010262
-0.030309
0.007138
0.008709
-0.012355
-0.015200
0.000000
-0.011457
-0.011772
-0.033987
-0.013489
-0.051029
-0.016050
-0.018520
-0.044594
-0.025445
-0.026862
-0.026152
-0.023803
-0.024980
-0.067423
-0.041331
-0.033616
0.189040
-0.021620
-0.023510
0.352324
0.009461
0.001170
0.010636
-0.031411
0.007397
0.009026
-0.012805
-0.015753
0.000000
0.008415
0.008800
-0.013489
0.008605
-0.029465
0.007793
0.006271
-0.019654
0.001457
0.001346
0.003583
0.007682
0.008313
-0.033656
-0.004234
0.006480
0.006801
0.007479
0.008123
0.008757
0.009757
0.001146
0.010960
-0.032687
0.007571
0.009885
-0.013288
-0.016348
0.000000
-0.025756
-0.026566
-0.051029
-0.029465
-0.070535
-0.033445
-0.036796
0.214823
-0.033067
-0.034870
0.008684
-0.029939
-0.031444
-0.077498
-0.049668
-0.041697
-0.044918
-0.048378
-0.052601
-0.057768
-0.063786
-0.081461
-0.082329
0.615958
0.007974
0.009754
-0.013809
-0.016989
0.000000
0.007742
0.008111
-0.016050
0.007793
-0.033445
0.006792
0.005075
-0.011814
0.000220
0.000034
0.004105
0.006824
0.007422
-0.038069
-0.006352
0.005075
0.005318
0.005889
0.006393
0.006850
0.007656
-0.002000
0.008181
-0.009248
0.008299
0.010153
-0.014373
-0.017683
0.000000
0.006406
0.006732
-0.018520
0.006271
-0.036796
0.005075
0.003201
-0.014501
-0.002056
-0.002361
0.001760
0.004459
0.004930
-0.042668
0.030808
0.004614
0.004817
0.005354
0.005811
0.006206
0.006947
0.000180
0.014690
-0.009642
0.008653
0.010585
-0.014985
-0.018436
0.000000
-0.016847
-0.017333
-0.044594
-0.019654
0.214823
-0.011814
-0.014501
-0.033783
-0.021652
-0.022923
0.028687
-0.015464
-0.016122
-0.067127
-0.032481
-0.023574
-0.025467
-0.027351
-0.029743
-0.032748
-0.036114
-0.051727
-0.047119
0.379953
0.009037
0.011055
-0.015651
-0.019256
0.000000
0.002153
0.002340
-0.025445
0.001457
-0.033067
0.000220
-0.002056
-0.021652
-0.008319
0.155523
0.005664
0.006754
0.007235
-0.044681
-0.006771
0.004430
0.004607
0.005140
0.005578
0.005937
0.006657
-0.004436
0.007042
0.007207
0.009458
0.011570
-0.016380
-0.020152
0.000000
0.002095
0.002285
-0.026862
0.001346
-0.034870
0.000034
-0.002361
-0.022923
0.155523
0.006061
0.005693
0.011768
0.007588
-0.046862
-0.007102
0.004646
0.004832
0.005391
0.005850
0.006226
0.006982
-0.004652
0.007386
0.007559
0.009919
0.012135
-0.017179
-0.021135
0.000000
0.004150
0.004417
-0.026152
0.003583
0.008684
0.004105
0.001760
0.028687
0.005664
0.005693
0.005271
0.006526
0.006898
-0.050412
-0.008685
0.003581
0.003680
0.004156
0.004507
0.004746
0.005350
-0.007116
0.005242
0.025425
0.010429
0.012757
-0.018061
-0.022220
0.000000
0.007882
0.008288
-0.023803
0.007682
-0.029939
0.006824
0.004459
-0.015464
0.006754
0.011768
0.006526
0.007901
0.008352
-0.051992
-0.007934
0.005080
0.005280
0.005895
0.006396
0.006805
0.007632
-0.005273
0.008052
0.009298
0.010993
0.013447
-0.019038
-0.023422
0.000000
0.008505
0.008940
-0.024980
0.008313
-0.031444
0.007422
0.004930
-0.016122
0.007235
0.007588
0.006898
0.008352
0.008828
-0.054967
-0.008389
0.005369
0.005581
0.006230
0.006760
0.007192
0.008067
-0.005577
0.008509
0.009849
0.011621
0.014216
-0.020126
-0.024761
0.000000
-0.029131
-0.030009
-0.067423
-0.033656
-0.077498
-0.038069
-0.042668
-0.067127
-0.044681
-0.046862
-0.050412
-0.051992
-0.054967
-0.126535
-0.081538
-0.071961
-0.077496
-0.083491
-0.090777
-0.099668
-0.109997
-0.138529
-0.141345
-0.163209
-0.193123
-0.236543
0.334077
0.411501
-0.000005
-0.002631
-0.002570
-0.041331
-0.004234
-0.049668
-0.006352
0.030808
-0.032481
-0.006771
-0.007102
-0.008685
-0.007934
-0.008389
-0.081538
-0.030202
-0.016098
-0.017503
-0.018677
-0.020318
-0.022498
-0.024738
0.221739
0.000204
0.000227
0.000257
0.000295
-0.000468
-0.000546
0.000000
0.007040
0.007451
-0.033616
0.006480
-0.041697
0.005075
0.004614
-0.023574
0.004430
0.004646
0.003581
0.005080
0.005369
-0.071961
-0.016098
0.000097
-0.000120
0.000114
0.000109
-0.000138
-0.000009
0.000132
0.000150
0.000174
0.000193
0.000712
-0.000501
-0.000583
0.000000
-0.000325
-0.000160
0.189040
0.006801
-0.044918
0.005318
0.004817
-0.025467
0.004607
0.004832
0.003680
0.005280
0.005581
-0.077496
-0.017503
-0.000120
-0.000371
-0.000138
-0.000164
0.003420
0.000037
0.000194
0.000220
0.000256
0.000289
0.000368
-0.000538
-0.000626
0.000000
0.007568
0.008069
-0.021620
0.007479
-0.048378
0.005889
0.005354
-0.027351
0.005140
0.005391
0.004156
0.005895
0.006230
-0.083491
-0.018677
0.000114
-0.000138
0.000134
0.000128
0.000141
0.000022
0.000189
0.000214
0.000249
0.000471
0.000397
-0.000581
-0.000677
0.000000
0.008221
0.008721
-0.023510
0.008123
-0.052601
0.006393
0.005811
-0.029743
0.005578
0.005850
0.004507
0.006396
0.006760
-0.090777
-0.020318
0.000109
-0.000164
0.000128
0.000121
0.000543
0.000042
0.000226
0.000256
0.000298
0.000352
0.000432
-0.000631
-0.000736
0.000000
-0.004178
-0.004094
0.352324
0.008757
-0.057768
0.006850
0.006206
-0.032748
0.005937
0.006226
0.004746
0.006805
0.007192
-0.099668
-0.022498
-0.000138
0.003420
0.000141
0.000543
0.000220
0.000046
0.000248
0.000281
0.000326
0.000386
0.000473
-0.000692
-0.000806
0.000000
0.008573
0.009129
0.009461
0.009757
-0.063786
0.007656
0.006947
-0.036114
0.006657
0.006982
0.005350
0.007632
0.008067
-0.109997
-0.024738
-0.000009
0.000037
0.000022
0.000042
0.000046
-0.000167
0.000030
0.000034
0.000042
0.000050
0.000061
0.000730
-0.000682
0.000000
0.000815
0.001129
0.001170
0.001146
-0.081461
-0.002000
0.000180
-0.051727
-0.004436
-0.004652
-0.007116
-0.005273
-0.005577
-0.138529
0.221739
0.000132
0.000194
0.000189
0.000226
0.000248
0.000030
0.000276
0.000337
0.000368
0.000435
0.000533
-0.000688
-0.000973
0.000000
0.009602
0.010262
0.010636
0.010960
-0.082329
0.008181
0.014690
-0.047119
0.007042
0.007386
0.005242
0.008052
0.008509
-0.141345
0.000204
0.000150
0.000220
0.000214
0.000256
0.000281
0.000034
0.000337
0.000361
0.000417
0.000493
0.000604
-0.000780
-0.001103
0.000000
-0.029642
-0.030309
-0.031411
-0.032687
0.615958
-0.009248
-0.009642
0.379953
0.007207
0.007559
0.025425
0.009298
0.009849
-0.163209
0.000227
0.000174
0.000256
0.000249
0.000298
0.000326
0.000042
0.000368
0.000417
0.000481
0.000570
0.000698
-0.000901
-0.001274
0.000000
0.006468
0.007138
0.007397
0.007571
0.007974
0.008299
0.008653
0.009037
0.009458
0.009919
0.010429
0.010993
0.011621
-0.193123
0.000257
0.000193
0.000289
0.000471
0.000352
0.000386
0.000050
0.000435
0.000493
0.000570
0.000674
0.000825
-0.001066
-0.001507
0.000000
0.007891
0.008709
0.009026
0.009885
0.009754
0.010153
0.010585
0.011055
0.011570
0.012135
0.012757
0.013447
0.014216
-0.236543
0.000295
0.000712
0.000368
0.000397
0.000432
0.000473
0.000061
0.000533
0.000604
0.000698
0.000825
0.001011
-0.001305
-0.001846
0.000000
-0.012612
-0.012355
-0.012805
-0.013288
-0.013809
-0.014373
-0.014985
-0.015651
-0.016380
-0.017179
-0.018061
-0.019038
-0.020126
0.334077
-0.000468
-0.000501
-0.000538
-0.000581
-0.000631
-0.000692
0.000730
-0.000688
-0.000780
-0.000901
-0.001066
-0.001305
-0.005054
0.007148
0.000000
-0.015641
-0.015200
-0.015753
-0.016348
-0.016989
-0.017683
-0.018436
-0.019256
-0.020152
-0.021135
-0.022220
-0.023422
-0.024761
0.411501
-0.000546
-0.000583
-0.000626
-0.000677
-0.000736
-0.000806
-0.000682
-0.000973
-0.001103
-0.001274
-0.001507
-0.001846
0.007148
-0.000000
-0.000000
0.001655
0.000000
0.000000
0.000000
0.000000
0.000000
0.000000
0.000000
0.000000
0.000000
0.000000
0.000000
0.000000
-0.000005
0.000000
0.000000
0.000000
0.000000
0.000000
0.000000
0.000000
0.000000
0.000000
0.000000
0.000000
0.000000
0.000000
-0.000000
0.000000
