1.002774
0.005819
-0.004814
-0.000719
-0.031670
0.004574
-0.000983
-0.024552
-0.013457
-0.014455
-0.005846
0.001354
0.002026
-0.012969
-0.009972
0.000219
-0.004052
0.000372
0.000411
-0.008673
-0.000555
-0.007789
-0.002105
-0.024617
-0.005977
-0.014957
-0.038084
-0.051897
0.059481
0.005819
1.009074
-0.001820
0.002537
-0.029371
0.008284
0.002683
-0.021548
-0.009884
-0.010719
-0.001590
0.006103
0.007068
-0.008152
-0.004709
0.006226
0.002251
0.007471
0.008004
-0.000675
0.008604
0.002199
0.009456
-0.012046
0.009710
0.003987
-0.014286
-0.018173
0.000002
-0.004814
-0.001820
0.986480
-0.009443
-0.042985
-0.004473
-0.010834
-0.036551
-0.025125
-0.026717
-0.018056
-0.010971
-0.010960
-0.027842
-0.025527
-0.015619
0.080441
-0.010135
-0.010957
0.210783
0.008917
0.002279
0.009800
-0.012484
0.010063
0.004132
-0.014806
-0.018834
0.000002
-0.000719
0.002537
-0.009443
0.994961
-0.039661
0.000507
-0.005874
-0.032324
-0.020206
-0.021571
-0.012268
-0.004565
-0.004164
-0.021246
-0.018350
-0.006553
-0.008993
-0.008207
-0.008917
-0.011305
-0.011107
-0.020398
-0.015641
-0.042759
-0.024822
0.177048
-0.015365
-0.019545
0.000002
-0.031670
-0.029371
-0.042985
-0.039661
0.923008
-0.036708
-0.044926
0.631857
-0.031308
-0.033230
0.039487
-0.013375
-0.013375
-0.031753
-0.029367
-0.018772
-0.021239
-0.021376
-0.023233
-0.027047
-0.028456
-0.040108
-0.037697
0.312899
0.009495
0.011105
-0.015968
-0.020312
0.000002
0.004574
0.008284
-0.004473
0.000507
-0.036708
1.006993
0.000365
0.000316
-0.013226
-0.014281
-0.001208
0.005227
0.006246
-0.011583
-0.007714
0.004892
0.004136
0.006097
0.006633
0.005604
0.007701
-0.000023
0.008075
-0.002097
0.009883
0.011559
-0.016620
-0.021141
0.000002
-0.000983
0.002683
-0.010834
-0.005874
-0.044926
0.000365
0.993159
-0.007213
-0.021682
-0.023168
-0.009963
-0.003724
-0.003187
-0.022363
0.122357
0.002837
0.001881
0.003731
0.004061
0.002716
0.004571
0.012097
0.024997
-0.002186
0.010304
0.012051
-0.017327
-0.022041
0.000002
-0.024552
-0.021548
-0.036551
-0.032324
0.631857
0.000316
-0.007213
0.992396
-0.022720
-0.024275
0.022485
-0.002238
-0.001448
-0.021497
-0.011707
-0.004374
-0.005916
-0.004616
-0.005012
-0.007300
-0.006432
-0.015895
-0.009081
0.126539
0.010762
0.012587
-0.018098
-0.023021
0.000002
-0.013457
-0.009884
-0.025125
-0.020206
-0.031308
-0.013226
-0.021682
-0.022720
0.960774
0.470559
-0.000869
0.008918
0.006320
-0.014052
-0.003260
0.005035
0.004134
0.006321
0.006878
0.005641
0.007951
-0.000220
0.009110
0.003472
0.011263
0.013173
-0.018940
-0.024092
0.000002
-0.014455
-0.010719
-0.026717
-0.021571
-0.033230
-0.014281
-0.023168
-0.024275
0.470559
1.004704
-0.001427
0.019131
0.006628
-0.014738
-0.003419
0.005280
0.004335
0.006630
0.007213
0.005916
0.008339
-0.000231
0.009555
0.003642
0.011812
0.013816
-0.019864
-0.025268
0.000002
-0.005846
-0.001590
-0.018056
-0.012268
0.039487
-0.001208
-0.009963
0.022485
-0.000869
-0.001427
0.991801
-0.001220
-0.001291
-0.024255
-0.012921
-0.004419
-0.006152
-0.004598
-0.004992
-0.007556
-0.006463
-0.017270
-0.009262
0.137593
0.012419
0.014524
-0.020884
-0.026565
0.000003
0.001354
0.006103
-0.010971
-0.004565
-0.013375
0.005227
-0.003724
-0.002238
0.008918
0.019131
-0.001220
1.006537
0.006910
-0.016794
-0.004281
0.005326
0.004240
0.006738
0.007331
0.005830
0.008438
-0.001153
0.009571
0.011086
0.013090
0.015310
-0.022013
-0.028002
0.000003
0.002026
0.007068
-0.010960
-0.004164
-0.013375
0.006246
-0.003187
-0.001448
0.006320
0.006628
-0.001291
0.006910
1.007304
-0.017756
-0.004527
0.005629
0.004481
0.007121
0.007749
0.006162
0.008919
-0.001221
0.010115
0.011737
0.013839
0.016186
-0.023272
-0.029603
0.000003
-0.012969
-0.008152
-0.027842
-0.021246
-0.031753
-0.011583
-0.022363
-0.021497
-0.014052
-0.014738
-0.024255
-0.016794
-0.017756
0.954117
-0.033598
-0.024814
-0.028316
-0.028165
-0.030611
-0.036000
-0.035702
-0.053663
-0.048650
-0.056136
-0.066452
-0.082197
0.130625
0.130891
-0.000003
-0.009972
-0.004709
-0.025527
-0.018350
-0.029367
-0.007714
0.122357
-0.011707
-0.003260
-0.003419
-0.012921
-0.004281
-0.004527
-0.033598
0.980464
-0.009064
-0.011504
-0.009850
-0.010700
-0.014349
-0.013367
0.179069
0.008265
0.008941
0.010546
0.012054
-0.016552
-0.023264
0.000003
0.000219
0.006226
-0.015619
-0.006553
-0.018772
0.004892
0.002837
-0.004374
0.005035
0.005280
-0.004419
0.005326
0.005629
-0.024814
-0.009064
1.002948
0.001276
0.004132
0.004500
0.002121
0.005014
0.005784
0.006559
0.007576
0.008928
0.024377
-0.017695
-0.024870
0.000003
-0.004052
0.002251
0.080441
-0.008993
-0.021239
0.004136
0.001881
-0.005916
0.004134
0.004335
-0.006152
0.004240
0.004481
-0.028316
-0.011504
0.001276
0.999340
0.002245
0.002452
0.041905
0.006743
0.007731
0.008766
0.010125
0.011942
0.014665
-0.019008
-0.026715
0.000003
0.000372
0.007471
-0.010135
-0.008207
-0.021376
0.006097
0.003731
-0.004616
0.006321
0.006630
-0.004598
0.006738
0.007121
-0.028165
-0.009850
0.004132
0.002245
1.005621
0.006120
0.006704
0.007232
0.008293
0.009404
0.010861
0.013342
0.015840
-0.020531
-0.028855
0.000003
0.000411
0.008004
-0.010957
-0.008917
-0.023233
0.006633
0.004061
-0.005012
0.006878
0.007213
-0.004992
0.007331
0.007749
-0.030611
-0.010700
0.004500
0.002452
0.006120
1.006664
0.007682
0.007913
0.009074
0.010288
0.011883
0.014060
0.017220
-0.022319
-0.031369
0.000004
-0.008673
-0.000675
0.210783
-0.011305
-0.027047
0.005604
0.002716
-0.007300
0.005641
0.005916
-0.007556
0.005830
0.006162
-0.036000
-0.014349
0.002121
0.041905
0.006704
0.007682
1.008066
0.008669
0.009939
0.011270
0.013017
0.015402
0.018863
-0.024449
-0.034363
0.000004
-0.000555
0.008604
0.008917
-0.011107
-0.028456
0.007701
0.004571
-0.006432
0.007951
0.008339
-0.006463
0.008438
0.008919
-0.035702
-0.013367
0.005014
0.006743
0.007232
0.007913
0.008669
1.009309
0.010681
0.012111
0.013988
0.016551
0.020270
-0.025134
-0.037733
0.000005
-0.007789
0.002199
0.002279
-0.020398
-0.040108
-0.000023
0.012097
-0.015895
-0.000220
-0.000231
-0.017270
-0.001153
-0.001221
-0.053663
0.179069
0.005784
0.007731
0.008293
0.009074
0.009939
0.010681
1.012247
0.013923
0.016044
0.018984
0.023250
-0.030008
-0.042445
0.000005
-0.002105
0.009456
0.009800
-0.015641
-0.037697
0.008075
0.024997
-0.009081
0.009110
0.009555
-0.009262
0.009571
0.010115
-0.048650
0.008265
0.006559
0.008766
0.009404
0.010288
0.011270
0.012111
0.013923
1.015755
0.018192
0.021525
0.026363
-0.034026
-0.048128
0.000006
-0.024617
-0.012046
-0.012484
-0.042759
0.312899
-0.002097
-0.002186
0.126539
0.003472
0.003642
0.137593
0.011086
0.011737
-0.056136
0.008941
0.007576
0.010125
0.010861
0.011883
0.013017
0.013988
0.016044
0.018192
1.021007
0.024855
0.030442
-0.039290
-0.055574
0.000007
-0.005977
0.009710
0.010063
-0.024822
0.009495
0.009883
0.010304
0.010762
0.011263
0.011812
0.012419
0.013090
0.013839
-0.066452
0.010546
0.008928
0.011942
0.013342
0.014060
0.015402
0.016551
0.018984
0.021525
0.024855
1.029409
0.036019
-0.046489
-0.065756
0.000008
-0.014957
0.003987
0.004132
0.177048
0.011105
0.011559
0.012051
0.012587
0.013173
0.013816
0.014524
0.015310
0.016186
-0.082197
0.012054
0.024377
0.014665
0.015840
0.017220
0.018863
0.020270
0.023250
0.026363
0.030442
0.036019
1.044114
-0.056937
-0.080534
0.000010
-0.038084
-0.014286
-0.014806
-0.015365
-0.015968
-0.016620
-0.017327
-0.018098
-0.018940
-0.019864
-0.020884
-0.022013
-0.023272
0.130625
-0.016552
-0.017695
-0.019008
-0.020531
-0.022319
-0.024449
-0.025134
-0.030008
-0.034026
-0.039290
-0.046489
-0.056937
0.779466
0.311881
0.000007
-0.051897
-0.018173
-0.018834
-0.019545
-0.020312
-0.021141
-0.022041
-0.023021
-0.024092
-0.025268
-0.026565
-0.028002
-0.029603
0.130891
-0.023264
-0.024870
-0.026715
-0.028855
-0.031369
-0.034363
-0.037733
-0.042445
-0.048128
-0.055574
-0.065756
-0.080534
0.311881
0.999964
-0.000031
0.059481
0.000002
0.000002
0.000002
0.000002
0.000002
0.000002
0.000002
0.000002
0.000002
0.000003
0.000003
0.000003
-0.000003
0.000003
0.000003
0.000003
0.000003
0.000004
0.000004
0.000005
0.000005
0.000006
0.000007
0.000008
0.000010
0.000007
-0.000031
1.000000
