0.914817
0.320674
-0.035500
-0.025075
-0.038896
-0.058564
0.070024
-0.032415
0.103525
-0.034706
-0.039308
0.017273
-0.085752
-0.068845
-0.053347
-0.067455
-0.064085
-0.101146
-0.056446
0.796324
0.015490
0.086096
-0.006323
0.019433
0.021078
0.006371
0.004890
-0.034334
0.003906
0.320674
0.921535
-0.038671
-0.034293
-0.048926
-0.069563
0.458495
-0.012270
0.100482
-0.027860
-0.032216
0.273661
-0.065581
-0.046680
-0.026912
-0.041704
-0.036676
-0.072107
-0.023006
0.466986
0.002142
0.074173
-0.006860
0.023920
0.022092
0.006939
0.006839
-0.034437
0.006181
-0.035500
-0.038671
0.944796
-0.021554
-0.036171
-0.025566
-0.011020
0.385585
0.025543
-0.017808
-0.022491
0.089902
-0.065763
-0.047504
0.033212
-0.038209
-0.017921
-0.067014
-0.016237
-0.009946
-0.015582
-0.015192
-0.062555
0.049587
-0.037860
-0.065590
0.260975
-0.044807
0.010348
-0.025075
-0.034293
-0.021554
1.014714
0.135209
-0.012679
-0.011245
0.005240
0.007387
0.008142
0.005988
-0.010770
-0.044841
-0.022607
-0.001638
-0.007465
-0.006842
-0.041073
0.113607
0.013016
-0.005091
0.015604
-0.012103
0.016705
0.057493
0.006455
0.014145
-0.036123
0.008146
-0.038896
-0.048926
-0.036171
0.135209
0.996519
-0.028610
-0.027801
-0.011386
-0.009938
-0.009813
0.005276
-0.030682
-0.066318
-0.033438
-0.024166
0.004545
-0.030312
-0.066266
0.033561
-0.021418
-0.043923
-0.026976
-0.048285
-0.037276
0.382358
0.006659
0.014557
-0.037149
0.008476
-0.058564
-0.069563
-0.025566
-0.012679
-0.028610
0.944136
-0.055746
-0.033358
-0.039467
-0.003254
-0.043678
-0.063262
0.090027
-0.068982
0.054074
-0.056406
-0.039634
-0.024167
-0.030708
-0.052270
-0.075756
-0.064260
-0.102595
-0.067716
-0.086914
-0.078987
0.151357
0.047374
0.121494
0.070024
0.458495
-0.011020
-0.011245
-0.027801
-0.055746
0.943788
0.059795
0.203006
-0.023067
-0.028600
0.545163
-0.049188
-0.031984
0.000021
-0.020562
-0.013911
-0.051800
0.013510
0.154602
-0.006528
0.029730
-0.017908
0.034647
0.035358
0.001853
0.025934
-0.037961
0.013736
-0.032415
-0.012270
0.385585
0.005240
-0.011386
-0.033358
0.059795
0.987879
0.147929
-0.005629
-0.010723
0.173356
-0.052939
-0.035318
0.007804
-0.022999
-0.014812
-0.055648
0.012312
0.018634
-0.020583
0.000439
-0.040678
0.111363
0.023900
-0.013845
0.079742
-0.042465
0.018192
0.103525
0.100482
0.025543
0.007387
-0.009938
-0.039467
0.203006
0.147929
1.017324
0.002592
-0.002024
0.130518
-0.048792
-0.029687
0.002841
-0.016661
-0.009153
-0.049894
0.022086
0.108009
-0.005355
0.022090
-0.018730
0.030935
0.038465
0.001792
0.029440
-0.041421
0.014997
-0.034706
-0.027860
-0.017808
0.008142
-0.009813
-0.003254
-0.023067
-0.005629
0.002592
0.986367
-0.001953
0.001119
0.014811
0.024481
-0.003231
-0.022819
-0.028088
0.001652
0.008038
-0.000400
-0.037887
-0.014369
-0.029224
-0.005782
-0.005339
-0.047211
-0.036581
-0.094866
0.160490
-0.039308
-0.032216
-0.022491
0.005988
0.005276
-0.043678
-0.028600
-0.010723
-0.002024
-0.001953
0.976210
-0.004463
-0.074251
0.333955
-0.007471
0.040046
-0.017276
-0.050318
0.018708
0.009721
-0.028645
-0.002586
0.117404
0.022097
0.065696
0.000280
0.025216
-0.046094
0.024672
0.017273
0.273661
0.089902
-0.010770
-0.030682
-0.063262
0.545163
0.173356
0.130518
0.001119
-0.004463
1.017024
-0.062097
-0.020567
0.014545
-0.024470
-0.018497
-0.063983
0.014799
0.110132
-0.014660
0.036032
-0.025246
0.078100
0.039168
-0.005796
0.046252
-0.052430
0.026005
-0.085752
-0.065581
-0.065763
-0.044841
-0.066318
0.090027
-0.049188
-0.052939
-0.048792
0.014811
-0.074251
-0.062097
0.849460
-0.055168
-0.073603
-0.043968
-0.116935
0.391242
-0.047439
-0.063379
-0.118925
-0.099217
-0.102762
-0.115870
-0.129880
-0.021517
-0.176814
0.511360
0.066183
-0.068845
-0.046680
-0.047504
-0.022607
-0.033438
-0.068982
-0.031984
-0.035318
-0.029687
0.024481
0.333955
-0.020567
-0.055168
0.939112
-0.048487
0.182382
-0.055999
-0.024477
-0.012025
-0.021738
-0.076172
-0.049119
0.438116
0.018627
0.049375
-0.003332
0.012590
-0.008678
0.034552
-0.053347
-0.026912
0.033212
-0.001638
-0.024166
0.054074
0.000021
0.007804
0.002841
-0.003231
-0.007471
0.014545
-0.073603
-0.048487
0.964774
-0.041090
-0.015245
-0.040924
-0.012349
-0.017783
-0.064891
-0.034897
-0.058212
0.008380
-0.036706
-0.057700
0.182261
-0.036238
0.099582
-0.067455
-0.041704
-0.038209
-0.007465
0.004545
-0.056406
-0.020562
-0.022999
-0.016661
-0.022819
0.040046
-0.024470
-0.043968
0.182382
-0.041090
0.951714
-0.063812
-0.026052
0.000373
-0.026247
-0.087668
-0.057045
0.417424
0.011065
0.081468
-0.003960
0.021468
0.004428
0.040963
-0.064085
-0.036676
-0.017921
-0.006842
-0.030312
-0.039634
-0.013911
-0.014812
-0.009153
-0.028088
-0.017276
-0.018497
-0.116935
-0.055999
-0.015245
-0.063812
0.918418
-0.093550
-0.039182
-0.049212
0.088291
-0.028809
-0.044611
-0.059500
-0.059196
-0.082046
-0.069456
-0.207489
-0.288781
-0.101146
-0.072107
-0.067014
-0.041073
-0.066266
-0.024167
-0.051800
-0.055648
-0.049894
0.001652
-0.050318
-0.063983
0.391242
-0.024477
-0.040924
-0.026052
-0.093550
0.883379
-0.038981
-0.067147
-0.126152
-0.106910
-0.069718
-0.115567
-0.123875
0.073033
-0.147050
0.436548
0.046120
-0.056446
-0.023006
-0.016237
0.113607
0.033561
-0.030708
0.013510
0.012312
0.022086
0.008038
0.018708
0.014799
-0.047439
-0.012025
-0.012349
0.000373
-0.039182
-0.038981
1.021635
0.012902
-0.042435
-0.010171
0.020961
0.008690
0.032927
0.009536
0.014168
0.002095
0.024682
0.796324
0.466986
-0.009946
0.013016
-0.021418
-0.052270
0.154602
0.018634
0.108009
-0.000400
0.009721
0.110132
-0.063379
-0.021738
-0.017783
-0.026247
-0.049212
-0.067147
0.012902
1.002304
-0.028747
0.110471
0.024043
0.015261
0.032871
-0.006675
0.018833
-0.008081
0.023009
0.015490
0.002142
-0.015582
-0.005091
-0.043923
-0.075756
-0.006528
-0.020583
-0.005355
-0.037887
-0.028645
-0.014660
-0.118925
-0.076172
-0.064891
-0.087668
0.088291
-0.126152
-0.042435
-0.028747
0.871663
0.107437
-0.052657
-0.075200
-0.072017
-0.137556
-0.127456
-0.241331
-0.377836
0.086096
0.074173
-0.015192
0.015604
-0.026976
-0.064260
0.029730
0.000439
0.022090
-0.014369
-0.002586
0.036032
-0.099217
-0.049119
-0.034897
-0.057045
-0.028809
-0.106910
-0.010171
0.110471
0.107437
1.007129
0.011328
-0.002877
0.015419
-0.038224
-0.009078
-0.063102
-0.063693
-0.006323
-0.006860
-0.062555
-0.012103
-0.048285
-0.102595
-0.017908
-0.040678
-0.018730
-0.029224
0.117404
-0.025246
-0.102762
0.438116
-0.058212
0.417424
-0.044611
-0.069718
0.020961
0.024043
-0.052657
0.011328
1.016524
-0.000037
0.057091
-0.027458
-0.000217
-0.029184
-0.018967
0.019433
0.023920
0.049587
0.016705
-0.037276
-0.067716
0.034647
0.111363
0.030935
-0.005782
0.022097
0.078100
-0.115870
0.018627
0.008380
0.011065
-0.059500
-0.115567
0.008690
0.015261
-0.075200
-0.002877
-0.000037
0.977785
0.004625
-0.073820
0.038289
-0.093149
0.059101
0.021078
0.022092
-0.037860
0.057493
0.382358
-0.086914
0.035358
0.023900
0.038465
-0.005339
0.065696
0.039168
-0.129880
0.049375
-0.036706
0.081468
-0.059196
-0.123875
0.032927
0.032871
-0.072017
0.015419
0.057091
0.004625
1.042045
-0.042983
0.011546
-0.062434
-0.014012
0.006371
0.006939
-0.065590
0.006455
0.006659
-0.078987
0.001853
-0.013845
0.001792
-0.047211
0.000280
-0.005796
-0.021517
-0.003332
-0.057700
-0.003960
-0.082046
0.073033
0.009536
-0.006675
-0.137556
-0.038224
-0.027458
-0.073820
-0.042983
0.831153
-0.114832
0.311502
-0.015512
0.004890
0.006839
0.260975
0.014145
0.014557
0.151357
0.025934
0.079742
0.029440
-0.036581
0.025216
0.046252
-0.176814
0.012590
0.182261
0.021468
-0.069456
-0.147050
0.014168
0.018833
-0.127456
-0.009078
-0.000217
0.038289
0.011546
-0.114832
0.941966
-0.021482
0.035971
-0.034334
-0.034437
-0.044807
-0.036123
-0.037149
0.047374
-0.037961
-0.042465
-0.041421
-0.094866
-0.046094
-0.052430
0.511360
-0.008678
-0.036238
0.004428
-0.207489
0.436548
0.002095
-0.008081
-0.241331
-0.063102
-0.029184
-0.093149
-0.062434
0.311502
-0.021482
0.973627
0.020682
0.003906
0.006181
0.010348
0.008146
0.008476
0.121494
0.013736
0.018192
0.014997
0.160490
0.024672
0.026005
0.066183
0.034552
0.099582
0.040963
-0.288781
0.046120
0.024682
0.023009
-0.377836
-0.063693
-0.018967
0.059101
-0.014012
-0.015512
0.035971
0.020682
0.999639
