0.37573883 0.54204382 0.28593960
0.35932674 0.38714276 0.18448784
0.45359806 0.38120082 0.25469774
0.26310675 1.19142228 0.26284902
0.33338898 0.61731229 0.20459817
0.36211031 0.66309812 0.24017248
0.38077604 0.93714428 0.25376604
0.39007353 0.73694819 0.24049231
0.68113391 0.42060579 0.14613318
0.33383561 0.91328142 0.17506514
0.17862653 0.50464153 0.23689073
0.31716371 0.57021320 0.17824749
0.41796000 1.33363084 0.25377227
0.56464355 1.19074157 0.40067174
0.35073616 0.70034342 0.23565669
0.16644551 0.48124743 0.62592193
0.53798335 0.75922708 0.32127235
0.58576821 0.49963075 0.17255881
0.42946230 0.82291850 0.34417457
0.27504102 0.97609322 0.19842085
0.49080153 0.76854064 0.16793239
0.28324229 0.34458337 0.18247715
0.45818894 0.47398880 0.13481601
0.39493866 0.54340620 0.16579961
0.57839485 0.55658220 0.47935544
0.40512921 0.56130836 0.17988700
0.63387669 0.80409093 0.30875595
0.29284182 0.45305440 0.24266655
0.23552513 0.96146713 0.30457790
0.82298427 0.57380369 0.13918078
0.17445627 0.18168141 0.15618060
0.31580117 0.57832878 0.28195108
0.51187915 0.84818952 0.20582014
0.13411213 0.66254968 0.24691486
0.48841666 0.62178610 0.21370783
0.47266362 0.97489980 0.22281510
0.28422268 1.07649397 0.21633593
0.32904164 0.41234780 0.16424834
0.63610058 0.59620516 0.22041441
0.16592279 0.21570308 0.11936605
0.52406251 0.18323193 0.40534773
0.44840839 1.07886628 0.28079704
0.25179368 0.63410217 0.48420761
0.31656556 0.70817259 0.11270475
0.20930918 0.62245973 0.37360869
0.35113675 0.87429053 0.23519775
0.49017612 0.82501765 0.23483232
0.32330803 0.49504106 0.17507952
0.51695755 0.79022644 0.28503322
0.51270844 0.69881962 0.24547837
0.45858430 0.77864474 0.15733747
0.39643805 0.85193081 0.26636586
0.37252091 0.34749677 0.36094699
0.84147522 0.73725392 0.43065381
0.41859416 0.37751641 0.21100233
0.85510906 0.80225094 0.14704950
0.20494975 0.89430058 0.24372142
0.35719554 1.18482752 0.50817925
0.61400474 1.20189720 0.30005819
0.30919396 0.99918718 0.19442779
0.24322266 0.33842919 0.21999506
0.26768434 0.31046047 0.17651380
0.37910772 0.44451903 0.23846521
0.36504768 0.56732005 0.15173855
0.68563696 0.41852229 0.13922455
0.44167397 0.73051084 0.14563144
0.66682036 0.35948622 0.38202439
0.45807570 1.03408575 0.30653802
0.34872205 0.78763008 0.22320389
0.27094668 1.10896983 0.19908294
0.36748664 0.50103084 0.10417567
0.55724430 0.81746967 0.27140851
0.62408340 1.09935871 0.30939807
0.39547450 0.87239109 0.17482494
0.31307288 0.69504197 0.26090071
0.36804799 0.59748827 0.12488175
0.35980157 0.76084508 0.50814009
0.25408691 0.50904348 0.34149707
0.33929309 0.19685719 0.33923346
0.33927137 0.32016231 0.20884625
0.75107408 0.48777230 0.16994981
0.24429206 0.92685994 0.22391412
0.42911341 0.64322270 0.22850286
0.28237056 0.27144240 0.08807812
0.55425352 0.61651647 0.15459747
0.58038644 0.62977251 0.16269210
0.65438770 0.54338436 0.47948993
0.49206325 0.60937834 0.38108692
0.34942766 1.12538165 0.25528361
0.50120716 0.26421719 0.20344591
0.41820587 0.45959482 0.23842300
0.47883987 0.32885432 0.12768057
0.52856026 1.01995215 0.28533985
0.53939796 0.42145947 0.17011256
0.13168145 0.30001258 0.13602164
0.47697885 0.73346153 0.34142297
0.33276280 0.62724003 0.20470850
0.44999126 0.99718733 0.23189349
0.86227897 1.01010740 0.15228829
0.14330343 0.85402317 0.17144751
0.35656471 1.24121360 0.19521562
0.37626290 0.93821877 0.13453786
0.47631399 0.97487061 0.32400667
0.22414563 0.52910427 0.15178925
0.46890707 0.72094174 0.22875559
0.42254756 0.80268698 0.26748850
0.27587936 0.74008075 0.20942961
0.75639829 0.61209828 0.09784019
0.67966583 1.42557111 0.33531532
0.24339157 0.76369137 0.16232355
0.13499702 0.74318061 0.21644455
0.32211431 0.45444743 0.18502616
0.49438013 0.68170588 0.18736873
0.54582524 0.49650194 0.27150379
0.11492841 0.17969450 0.13992000
0.36936113 0.90343814 0.33471342
0.52339340 0.75308786 0.13993706
0.20833471 0.64052659 0.26066242
0.87504616 0.59431885 0.18712773
0.58747905 1.23228761 0.11218557
0.16602102 0.65933222 0.37599549
1.30247407 0.39959978 0.34333048
0.30781610 0.44446092 0.11293518
0.53543466 0.94961888 0.17730569
0.15494533 0.49607717 0.13366184
0.42087363 0.53040498 0.26016655
0.21411200 0.60331643 0.13508467
0.18004560 0.40162652 0.12191544
0.57810682 1.26910595 0.16743574
0.38981105 1.31504862 0.35224076
0.44845901 0.84501587 0.18808333
0.27272940 0.52095141 0.24763137
0.41616641 1.33687144 0.17418618
0.33474000 0.60851454 0.59959233
0.51587538 1.39679502 0.20605059
0.49139544 0.55390718 0.19343904
0.46506524 0.84960285 0.21714249
0.89986199 0.55756672 0.15378216
0.37765680 1.20637086 0.16708798
0.46650947 1.05573987 0.22413924
0.28000067 0.77663640 0.18666076
0.26344273 0.30233901 0.10693154
0.43011622 1.33591716 0.15392934
0.31160668 0.47244215 0.20143498
0.64526229 1.03001442 0.39016891
0.18489211 0.14595098 0.13655499
0.75188190 0.90853381 0.39185891
0.61468448 0.67322877 0.29010546
0.62935814 0.76797247 0.54262576
0.18367225 1.17505757 0.17570604
0.46081633 0.59724913 0.20943044
0.33965472 0.68051057 0.38300119
0.50940751 1.14857324 0.14010740
0.58474947 0.58428058 0.37340954
0.34885299 0.61651603 0.51406348
0.66043493 0.82987471 0.19949944
0.46632359 0.68750296 0.19569795
0.57230891 0.66718913 0.25415724
0.40649367 1.00620387 0.20772457
1.68996138 0.89570900 0.19462783
0.43068461 0.87174309 0.14655008
0.30828339 0.96693175 0.20533165
0.35106452 0.75482735 0.28158942
0.62118551 0.60753585 0.18189928
0.64194525 0.70920375 0.18355496
0.40018804 0.84022116 0.24320436
0.24529850 0.28754546 0.11615465
0.64380213 0.36383817 0.22639347
0.33074517 0.85010565 0.15546045
0.42396599 0.52985389 0.26939711
0.22381331 0.44691328 0.25150971
0.25537370 0.79934011 0.11047876
0.16950915 0.54090454 0.20002772
0.38198779 0.75128940 0.17271748
1.21730215 1.23307863 0.19074502
0.36591571 0.70863336 0.23703159
0.22250202 0.36620329 0.15005633
0.37951233 0.61353787 0.21062085
0.41019370 0.82338287 0.16796942
0.16477803 0.29140102 0.16377694
0.78698333 0.45158338 0.29932317
0.59677869 1.27272576 0.25407512
0.19647304 0.52782496 0.19284586
0.36109471 0.87053173 0.22970312
0.49498327 0.99778966 0.40585740
0.34745005 0.70094509 0.25061548
0.34576744 0.74513175 0.25278650
0.34667103 0.74149485 0.25293647
0.29399224 0.16336791 0.21379083
0.37388141 0.80089599 0.44381853
0.22128667 0.30201736 0.16215874
0.29237370 0.82582647 0.16685741
0.30347406 0.69761784 0.17947163
0.39228287 0.62264461 0.28045114
0.61766189 0.67106692 0.18367447
0.48729237 0.60288356 0.33794781
0.47522289 0.83434724 0.08716544
0.36741905 0.70260068 0.26020954
0.57223496 1.13910913 0.31059135
0.40284718 1.38576183 0.13778736
0.44601149 1.20718794 0.26885915
0.30386595 1.00982599 0.23913811
0.46553532 0.67875552 0.20420185
0.50441943 1.52430406 0.23806653
0.42636903 0.48643811 0.10298291
0.30160830 0.37243044 0.18842152
0.25840975 0.33239504 0.21575369
0.39298118 0.61665397 0.13544451
0.53712522 0.41384785 0.15463748
0.20713989 0.66902404 0.16806504
0.37383402 0.67285521 0.21119158
0.41807321 0.63789416 0.16978802
0.35555891 0.50597677 0.16186630
0.11532252 0.39759390 0.15090325
0.32877651 0.49494025 0.19954946
0.34279909 0.85260689 0.59806484
0.38756728 0.24089691 0.20249992
0.47775441 0.22012855 0.22931775
0.65319720 1.14837308 0.28085542
0.37478848 0.87137677 0.19605930
0.24321651 0.28277991 0.20362229
0.34876919 0.90609575 0.11588181
0.47882469 0.85427220 0.38915182
0.80970801 1.31272136 0.28028033
0.12018742 0.24867327 0.14167303
0.31077048 1.23691800 0.26863076
0.54095902 0.86265882 0.33076719
0.34538957 0.57424404 0.13349554
0.38820770 1.27065840 0.30987109
0.46054592 1.27811752 0.24372051
0.55980733 0.99587553 0.33194930
0.35189834 1.16470670 0.23865242
1.20200030 0.61588871 0.23748571
0.39447465 0.66231788 0.13824755
0.14187487 0.52448233 0.29898131
0.43819523 0.99265917 0.20667414
0.33980991 0.59360752 0.44634004
0.29107391 0.66726453 0.17035293
0.46834335 1.16202341 0.32905437
0.43467360 0.65098769 0.15123382
0.24346670 0.93784362 0.20008626
0.41700666 0.74099956 0.19998992
0.24574420 0.43925742 0.40309476
0.40501797 0.48539943 0.26717386
0.40511681 0.61441475 0.22259964
0.14358092 0.50563312 0.13606766
0.44333953 1.04030464 0.37604732
0.65749930 1.48668599 0.40606873
0.54461237 0.63539257 0.15285683
0.76962405 1.26417884 0.14392302
0.99384000 0.56918463 0.13188566
0.44031886 0.90397454 0.13220456
0.36685129 0.97933326 0.23489530
0.31549858 0.44101870 0.17588929
0.39136401 0.93760798 0.10177013
0.36639056 0.82834671 0.16215347
0.35506190 1.11280858 0.13004195
0.19144018 0.28640969 0.17313670
0.45519918 0.84556361 0.30430610
0.34858323 0.60382587 0.31350451
0.34351203 0.68919402 0.13035642
0.52658350 1.28783916 0.25382594
0.79444399 1.38332532 0.17746097
0.77599820 0.82763607 0.21457371
0.31409108 0.61604790 0.13958924
0.35563009 0.96512368 0.27073036
0.34568710 0.48163694 0.29163226
0.20271470 0.45409438 0.51292081
0.56654743 0.61517477 0.32595671
0.30488685 0.72801330 0.29096785
0.42416898 0.95403265 0.20166195
0.56681998 0.83384867 0.20847137
0.43223187 0.35135589 0.13631533
0.37982462 0.89226386 0.23090356
0.54755921 0.43651926 0.21414996
0.15481675 0.16272136 0.15274947
0.44235193 0.78233236 0.22806376
0.49331823 0.58234129 0.12049325
0.21972662 0.82359525 0.25191592
0.77173147 1.34224808 0.24026702
0.29317747 0.39111613 0.17672826
0.11717371 0.56635074 0.11264234
0.42297159 0.36028785 0.24770485
0.19338903 0.18031019 0.10666065
0.47933002 0.95439477 0.28210570
0.45205543 0.55311334 0.39553855
0.55363491 0.54790832 0.12809807
0.25521817 0.57815709 0.31026220
0.46314006 0.98744990 0.20566986
0.71114309 0.60342340 0.32582526
0.16414437 0.18601782 0.16171541
0.29427410 0.31181137 0.13019998
0.41151747 0.50591827 0.15900090
0.37252006 0.47519368 0.15533575
0.44550209 1.26839970 0.21363725
0.28831976 0.75588861 0.22973933
0.29609505 1.05948325 0.22955232
0.17211778 0.38470258 0.44255260
0.63764199 0.42219738 0.28259580
0.16842140 0.74611425 0.13098249
0.24954357 1.16236375 0.26757473
0.65418671 0.64361311 0.31715465
0.36286424 0.71636995 0.26398702
0.36748585 1.07996248 0.28153324
0.41980109 0.68547147 0.30074872
0.31249387 0.75870672 0.11653613
0.43702780 0.84470399 0.36575126
0.32255917 0.60142766 0.22725238
0.45159526 0.67486180 0.31322363
0.40046327 0.55238333 0.16540798
0.50773521 0.51738613 0.14044566
0.49355192 0.53500330 0.23144774
0.25046627 0.29248431 0.19670311
0.22197072 0.78557159 0.13853041
0.38956893 0.82124192 0.28464084
0.46622944 1.00767229 0.24293777
0.48111464 0.79659083 0.22267337
0.30294425 1.07055956 0.22725017
0.37793455 0.76933087 0.31540693
0.32137794 1.02953413 0.31334267
0.38583607 0.60399077 0.20590301
0.38261525 0.29068680 0.09638655
1.09915437 1.59607028 0.24579189
0.42965735 1.04557323 0.22922399
0.40051524 1.38773015 0.63093164
0.41317911 0.66508123 0.19974480
0.38290830 1.04316496 0.33412210
0.77382242 0.83026836 0.27167027
0.27433313 0.26877715 0.25440872
0.33511927 0.68342967 0.24576546
0.23586917 0.29772970 0.26481226
0.21285758 0.60872178 0.11764242
0.36475190 0.24856101 0.13857299
0.24870058 0.65494620 0.64820734
0.72291158 1.09471506 0.30956900
0.40984859 0.57679037 0.41044649
0.66014549 1.37240899 0.13857540
0.24351183 0.43463054 0.24203938
0.58845592 0.66345655 0.29235769
0.41142640 0.84063720 0.13290713
0.48939301 0.38076695 0.21643464
0.37367969 0.72423658 0.22091215
0.42236598 0.30356613 0.16054743
0.41336631 0.80430547 0.24220653
0.46822062 0.55105208 0.20904656
0.46072018 0.31435329 0.14257206
0.42450547 0.76197469 0.19848184
0.42488470 0.48519146 0.18270956
0.47697299 1.00491867 0.33696505
0.30332420 0.39261238 0.15777239
0.47172455 0.65761191 0.24791901
1.30288477 0.52849682 0.26795938
0.35969111 0.61655281 0.28047282
0.61021476 0.42586714 0.20684179
0.34986425 0.99900744 0.19047410
0.53061892 0.51343452 0.33057684
0.35178378 0.95817117 0.22461545
0.41051563 1.56263050 0.25040789
0.19970677 0.39420343 0.16744813
0.47405458 0.77052394 0.15826975
0.60247274 1.27520069 0.24340664
0.77931532 1.06894000 0.15844440
0.36198884 1.06274894 0.22065059
0.22564743 0.71124778 0.22335504
0.20497760 0.31097899 0.16560572
0.55618449 1.04087122 0.24307892
0.27756654 0.55899623 0.16299631
0.24028951 0.50456369 0.24300635
0.39476581 0.76610732 0.09959741
0.29345010 1.22162645 0.25004984
0.40244994 0.32119748 0.14088924
0.36625804 0.76545679 0.08609215
0.28522326 0.71460633 0.26977754
0.42421532 0.49520517 0.43731801
0.66812205 1.00208773 0.20281774
0.60288361 0.81325202 0.18373237
0.34359295 0.49149239 0.25538803
0.55394138 1.13479004 0.20409808
0.47497867 0.21655158 0.12075597
0.23562092 0.44314409 0.09775711
0.61600183 0.44930671 0.17458851
0.38961855 1.02327990 0.25414334
0.53968635 1.14028848 0.22156813
0.64344625 0.62054140 0.23097191
0.28920571 0.51322709 0.24110415
0.25053403 0.69060478 0.16692854
0.39394281 1.17397545 0.30515461
0.18694139 0.34490414 0.17765832
0.27769503 0.41649112 0.17890331
0.55055499 0.63521830 0.50041447
0.23248784 1.01961801 0.13129038
0.61096946 0.63045626 0.30950536
0.55611259 1.15576792 0.26330929
0.29037410 0.30206593 0.42498915
0.40332346 0.66237487 0.18820327
0.41283975 0.73180321 0.23868282
0.27574445 0.73637461 0.18276665
0.58184013 0.78648726 0.19015372
0.53768118 0.58630905 0.16334141
0.50948055 0.48189106 0.35512666
0.54468256 0.62642285 0.19850884
0.26700668 0.31741864 0.22934490
0.38738771 1.75396273 0.18589335
0.30890423 0.31110533 0.14934887
0.20189617 0.27762150 0.12541454
0.36498146 0.63450720 0.21627477
0.25867333 0.52735684 0.23601289
0.63073514 0.84448939 0.34853876
0.22188478 0.97658590 0.12534939
0.32625623 1.17564782 0.15569229
0.41412501 0.70841582 0.16441156
0.37218953 0.76487487 0.14534523
0.21275836 0.18081735 0.13856855
0.20870942 0.76098167 0.31211879
0.35243305 1.54280245 0.33543426
0.34866276 1.56883401 0.19004158
0.21118419 0.44683036 0.24080035
0.18078459 0.95450538 0.15044386
0.44209018 0.74900572 0.14700811
0.38297095 0.43259140 0.29784575
0.60966347 0.47593084 0.12950765
0.25364094 0.95669086 0.27007299
0.24866075 0.82696766 0.20549885
0.23920747 0.32458176 0.13988584
0.23000435 0.73449571 0.10317558
0.44775692 0.62992082 0.18327528
0.28708615 0.73330601 0.13759635
0.14658652 0.26425945 0.15435441
0.50066482 0.99731942 0.27289851
0.19145448 1.11717894 0.27251856
0.52521803 1.04909207 0.16919764
0.29877065 0.50220929 0.19784705
0.44603763 0.51778003 0.64719754
0.38192870 0.75239732 0.17949275
0.45910095 0.52650137 0.31578131
0.28211096 0.61841269 0.21876360
0.79020804 1.00788145 0.26248940
0.25464020 0.40678839 0.14449995
0.36258708 0.60646104 0.23735731
0.61085931 0.70361769 0.23654725
0.13682343 1.03607019 0.23017894
0.21832233 0.46801624 0.27660157
0.51478583 1.14637262 0.40005798
0.25307930 0.39051295 0.27012972
0.58771200 0.16974219 0.27860699
0.54001077 0.40145384 0.26352959
1.38786724 0.30438133 0.22402088
0.68487732 0.91752980 0.21899200
0.71607456 0.68747596 0.21723805
0.12812603 0.64372188 0.12690961
0.26117896 0.72914461 0.30080277
0.64852249 0.62359303 0.13260832
0.36084272 0.39201100 0.28604189
0.37036485 0.59411991 0.17511512
0.19820417 0.32440890 0.23239058
0.46720088 1.32492280 0.18823477
0.59243809 0.67812374 0.17234325
0.41254628 0.32786298 0.25374400
1.17944382 0.41539079 0.26139103
0.53191204 0.47596553 0.15919496
0.40343934 0.57744894 0.11502513
0.49617435 0.59344371 0.22322056
0.42018697 0.44836437 0.24791582
0.25300622 0.34800725 0.30001190
0.45065549 1.04170170 0.16816882
0.33823017 0.82912380 0.20379071
0.44224729 1.53105248 0.30210692
0.43618216 0.65596480 0.22593255
0.33813107 0.74870154 0.23858932
0.39824581 0.93507009 0.39556515
1.17236545 0.33701007 0.26738322
0.41409356 0.71461204 0.23641434
0.20016257 1.10985892 0.38528675
0.19670354 0.83798977 0.26304175
0.68969212 1.39455029 0.37925974
0.83845722 1.02820400 0.35753872
0.11834193 0.50648570 0.13330598
0.49847212 1.14232046 0.18007768
0.14283534 0.21172450 0.18219818
0.51423516 0.51380065 0.30920981
0.48333530 0.59229156 0.18662920
0.22602289 0.76349874 0.25078068
0.16177702 0.44200254 0.47581044
0.80195970 1.93999728 0.16072419
0.29107498 0.99739508 0.20701385
0.61925675 1.22736373 0.24777228
0.36570498 0.99493059 0.16903074
0.19324336 0.48732585 0.16576077
0.31588086 1.09870268 0.17603750
0.31730330 0.62359835 0.15353075
0.28313950 1.07349974 0.24195313
0.28519497 0.45425873 0.19471442
0.47619049 0.49158917 0.15700019
0.41180660 0.93056208 0.36447903
0.77279146 0.71103563 0.26572494
0.32303999 0.79763854 0.47174765
0.40077513 0.98421559 0.10930692
0.70224177 0.84434276 0.23316783
0.51966120 1.25610726 0.35563249
0.32514784 0.93901221 0.31464766
