1.000000
0.402423
0.022490
0.000000
0.000000
0.000143
0.147548
0.023517
0.148731
0.000003
0.000000
0.088378
0.000007
0.000000
0.001365
0.000000
0.001692
0.000006
0.000000
0.859949
0.026286
0.074988
0.000000
0.001352
0.000000
0.000023
0.002513
0.000015
0.000082
0.004927
0.402423
1.000000
0.028603
0.000000
0.000000
0.000216
0.527903
0.036868
0.134289
0.000009
0.000000
0.324467
0.000012
0.000000
0.003399
0.000000
0.001174
0.000012
0.000000
0.488860
0.010458
0.059702
0.000000
0.005144
0.000000
0.000030
0.003654
0.000024
0.000250
0.002125
0.022490
0.028603
1.000000
0.000000
0.000000
0.030427
0.044102
0.423295
0.045399
0.000716
0.000002
0.128341
0.001424
0.000019
0.060630
0.000016
0.015105
0.000750
0.000003
0.018616
0.032321
0.014758
0.000014
0.085909
0.000000
0.001461
0.300902
0.002080
0.016009
0.012409
0.000000
0.000000
0.000000
1.000000
0.129142
0.000013
0.000000
0.000000
0.000000
0.000017
0.000584
0.000000
0.000321
0.000692
0.000002
0.006492
0.000005
0.000521
0.093263
0.000000
0.000000
0.000000
0.001085
0.000000
0.037626
0.000458
0.000001
0.000342
0.000002
0.000001
0.000000
0.000000
0.000000
0.129142
1.000000
0.000038
0.000000
0.000000
0.000000
0.000209
0.018233
0.000000
0.001166
0.011973
0.000006
0.040901
0.000003
0.001912
0.039388
0.000000
0.000000
0.000000
0.013255
0.000000
0.384277
0.000527
0.000002
0.000819
0.000016
0.000000
0.000143
0.000216
0.030427
0.000013
0.000038
1.000000
0.000333
0.006557
0.000225
0.036294
0.000375
0.001694
0.185843
0.003805
0.101518
0.004370
0.017843
0.070149
0.000358
0.000139
0.003021
0.000623
0.003510
0.018846
0.000032
0.061419
0.270589
0.186137
0.160149
0.004010
0.147548
0.527903
0.044102
0.000000
0.000000
0.000333
1.000000
0.094864
0.227386
0.000022
0.000000
0.566602
0.000017
0.000000
0.003999
0.000000
0.000576
0.000014
0.000000
0.148400
0.003886
0.015996
0.000000
0.017524
0.000000
0.000025
0.005239
0.000028
0.000599
0.000804
0.023517
0.036868
0.423295
0.000000
0.000000
0.006557
0.094864
1.000000
0.145844
0.000273
0.000000
0.170376
0.000262
0.000005
0.013301
0.000003
0.001854
0.000127
0.000000
0.017038
0.006273
0.004346
0.000003
0.108571
0.000000
0.000180
0.067248
0.000324
0.006926
0.001814
0.148731
0.134289
0.045399
0.000000
0.000000
0.000225
0.227386
0.145844
1.000000
0.000007
0.000000
0.112748
0.000008
0.000000
0.000931
0.000000
0.000336
0.000004
0.000000
0.090096
0.003641
0.004969
0.000000
0.006228
0.000000
0.000010
0.003592
0.000012
0.000209
0.000680
0.000003
0.000009
0.000716
0.000017
0.000209
0.036294
0.000022
0.000273
0.000007
1.000000
0.016507
0.000121
0.086089
0.072476
0.011592
0.011881
0.000230
0.069237
0.000267
0.000003
0.000026
0.000014
0.025155
0.006839
0.000208
0.006204
0.006337
0.037798
0.199351
0.000034
0.000000
0.000000
0.000002
0.000584
0.018233
0.000375
0.000000
0.000000
0.000000
0.016507
1.000000
0.000000
0.006536
0.374451
0.000063
0.064752
0.000004
0.007870
0.001282
0.000000
0.000000
0.000000
0.147249
0.000013
0.027168
0.000540
0.000027
0.002514
0.000753
0.000000
0.088378
0.324467
0.128341
0.000000
0.000000
0.001694
0.566602
0.170376
0.112748
0.000121
0.000000
1.000000
0.000102
0.000002
0.020553
0.000001
0.002166
0.000088
0.000000
0.096418
0.008796
0.028425
0.000001
0.057194
0.000000
0.000144
0.022842
0.000165
0.002984
0.002233
0.000007
0.000012
0.001424
0.000321
0.001166
0.185843
0.000017
0.000262
0.000008
0.086089
0.006536
0.000102
1.000000
0.053278
0.023585
0.075349
0.004526
0.529117
0.006168
0.000008
0.000303
0.000071
0.044030
0.001715
0.000860
0.169977
0.019431
0.699783
0.054577
0.000649
0.000000
0.000000
0.000019
0.000692
0.011973
0.003805
0.000000
0.000005
0.000000
0.072476
0.374451
0.000002
0.053278
1.000000
0.000467
0.237237
0.000035
0.046531
0.002887
0.000000
0.000002
0.000001
0.482711
0.000088
0.016660
0.003815
0.000272
0.019931
0.005025
0.000004
0.001365
0.003399
0.060630
0.000002
0.000006
0.101518
0.003999
0.013301
0.000931
0.011592
0.000063
0.020553
0.023585
0.000467
1.000000
0.000322
0.040292
0.028376
0.000134
0.001736
0.011177
0.010520
0.000211
0.050360
0.000003
0.034945
0.231616
0.041140
0.101247
0.010236
0.000000
0.000000
0.000016
0.006492
0.040901
0.004370
0.000000
0.000003
0.000000
0.011881
0.064752
0.000001
0.075349
0.237237
0.000322
1.000000
0.000097
0.052243
0.018760
0.000000
0.000004
0.000001
0.443380
0.000027
0.053927
0.011002
0.000266
0.037253
0.001541
0.000013
0.001692
0.001174
0.015105
0.000005
0.000003
0.017843
0.000576
0.001854
0.000336
0.000230
0.000004
0.002166
0.004526
0.000035
0.040292
0.000097
1.000000
0.004482
0.000241
0.002009
0.190056
0.034215
0.000029
0.000854
0.000001
0.044891
0.040760
0.013695
0.001721
0.453698
0.000006
0.000012
0.000750
0.000521
0.001912
0.070149
0.000014
0.000127
0.000004
0.069237
0.007870
0.000088
0.529117
0.046531
0.028376
0.052243
0.004482
1.000000
0.014408
0.000007
0.000248
0.000091
0.023790
0.001100
0.000917
0.247801
0.010095
0.581205
0.035073
0.000570
0.000000
0.000000
0.000003
0.093263
0.039388
0.000358
0.000000
0.000000
0.000000
0.000267
0.001282
0.000000
0.006168
0.002887
0.000134
0.018760
0.000241
0.014408
1.000000
0.000000
0.000007
0.000002
0.002654
0.000002
0.007385
0.018673
0.000043
0.009401
0.000070
0.000034
0.859949
0.488860
0.018616
0.000000
0.000000
0.000139
0.148400
0.017038
0.090096
0.000003
0.000000
0.096418
0.000008
0.000000
0.001736
0.000000
0.002009
0.000007
0.000000
1.000000
0.027882
0.119370
0.000000
0.001313
0.000000
0.000028
0.002383
0.000017
0.000086
0.005484
0.026286
0.010458
0.032321
0.000000
0.000000
0.003021
0.003886
0.006273
0.003641
0.000026
0.000000
0.008796
0.000303
0.000002
0.011177
0.000004
0.190056
0.000248
0.000007
0.027882
1.000000
0.174902
0.000002
0.000808
0.000000
0.002178
0.020784
0.000833
0.000399
0.546845
0.074988
0.059702
0.014758
0.000000
0.000000
0.000623
0.015996
0.004346
0.004969
0.000014
0.000000
0.028425
0.000071
0.000001
0.010520
0.000001
0.034215
0.000091
0.000002
0.119370
0.174902
1.000000
0.000000
0.000928
0.000000
0.000550
0.006276
0.000202
0.000236
0.068360
0.000000
0.000000
0.000014
0.001085
0.013255
0.003510
0.000000
0.000003
0.000000
0.025155
0.147249
0.000001
0.044030
0.482711
0.000211
0.443380
0.000029
0.023790
0.002654
0.000000
0.000002
0.000000
1.000000
0.000041
0.029676
0.002931
0.000208
0.015607
0.002328
0.000004
0.001352
0.005144
0.085909
0.000000
0.000000
0.018846
0.017524
0.108571
0.006228
0.006839
0.000013
0.057194
0.001715
0.000088
0.050360
0.000027
0.000854
0.001100
0.000002
0.001313
0.000808
0.000928
0.000041
1.000000
0.000000
0.000549
0.072319
0.001577
0.108737
0.000356
0.000000
0.000000
0.000000
0.037626
0.384277
0.000032
0.000000
0.000000
0.000000
0.000208
0.027168
0.000000
0.000860
0.016660
0.000003
0.053927
0.000001
0.000917
0.007385
0.000000
0.000000
0.000000
0.029676
0.000000
1.000000
0.000197
0.000002
0.000459
0.000014
0.000000
0.000023
0.000030
0.001461
0.000458
0.000527
0.061419
0.000025
0.000180
0.000010
0.006204
0.000540
0.000144
0.169977
0.003815
0.034945
0.011002
0.044891
0.247801
0.018673
0.000028
0.002178
0.000550
0.002931
0.000549
0.000197
1.000000
0.016107
0.433098
0.008698
0.006598
0.002513
0.003654
0.300902
0.000001
0.000002
0.270589
0.005239
0.067248
0.003592
0.006337
0.000027
0.022842
0.019431
0.000272
0.231616
0.000266
0.040760
0.010095
0.000043
0.002383
0.020784
0.006276
0.000208
0.072319
0.000002
0.016107
1.000000
0.027227
0.086445
0.015763
0.000015
0.000024
0.002080
0.000342
0.000819
0.186137
0.000028
0.000324
0.000012
0.037798
0.002514
0.000165
0.699783
0.019931
0.041140
0.037253
0.013695
0.581205
0.009401
0.000017
0.000833
0.000202
0.015607
0.001577
0.000459
0.433098
0.027227
1.000000
0.037781
0.001959
0.000082
0.000250
0.016009
0.000002
0.000016
0.160149
0.000599
0.006926
0.000209
0.199351
0.000753
0.002984
0.054577
0.005025
0.101247
0.001541
0.001721
0.035073
0.000070
0.000086
0.000399
0.000236
0.002328
0.108737
0.000014
0.008698
0.086445
0.037781
1.000000
0.000361
0.004927
0.002125
0.012409
0.000001
0.000000
0.004010
0.000804
0.001814
0.000680
0.000034
0.000000
0.002233
0.000649
0.000004
0.010236
0.000013
0.453698
0.000570
0.000034
0.005484
0.546845
0.068360
0.000004
0.000356
0.000000
0.006598
0.015763
0.001959
0.000361
1.000000
