0.6748129 0.4856264 0.4445880
0.4893694 0.4009835 0.9237184
0.4516977 0.5625176 0.5238011
0.3426953 0.3075773 0.5816347
0.5936458 0.5259435 0.4445554
0.6289395 0.5945538 0.6847577
0.4048680 0.3751285 0.4995103
0.4957934 0.3432604 0.6185228
0.4055684 0.3662836 0.4892226
0.8009717 1.0389102 0.6098122
0.5989416 0.2775283 0.2902238
0.3834996 0.4893021 0.3717393
0.3659235 0.3947190 0.3282154
0.5419896 0.7698899 0.5776879
0.3792661 0.4911671 0.5194647
0.3376795 0.2809383 0.6530951
0.5411351 0.3685199 0.8458300
0.9984186 0.2394940 0.6310694
0.7237531 0.5809284 0.7109436
0.7085187 0.5561842 0.4801763
0.5074771 0.4259900 0.3121300
0.7719257 0.4819256 0.6273521
0.5167304 0.5683967 0.5217219
0.3070239 0.2528471 0.3042763
0.3267008 0.3524190 0.3685732
0.7813592 0.5125101 0.5490440
0.4602515 0.2346157 0.2406233
0.5064530 0.5171063 0.4146169
0.4689197 0.3907739 0.4633272
0.3529602 0.5018834 0.2552127
0.3187061 0.6643713 0.3659105
0.5913928 0.3539879 0.3935335
0.3747441 0.3135458 0.4231829
0.3947977 0.5469899 0.3672752
0.4612667 0.4808589 0.3346106
0.2945706 0.3710999 0.5610503
0.4504831 0.4092065 0.3313746
0.4834996 0.6860606 0.3281195
0.7627183 0.6066237 0.5125306
0.4337787 0.4292899 0.3614617
0.6893909 0.7409554 0.3463368
0.5752599 0.5933493 0.5794119
0.3941143 0.3407792 0.3126765
0.9698250 0.7616349 0.7576499
0.5858802 0.6081059 0.4938052
0.4683458 0.5645563 0.4405997
0.5148293 0.5558415 0.4470248
0.6727126 0.8043143 0.6251038
0.2758177 0.5241429 0.3274424
0.2858911 0.2249974 0.2352082
0.3043694 0.3115031 0.3964852
0.7794512 0.3011103 0.7091867
0.9099771 0.7297802 0.9092786
0.7144486 0.5930917 0.7854209
0.7888836 0.4736506 0.5648286
0.3272684 0.1969058 0.3877182
0.3018450 0.2267681 1.3021624
0.4286471 0.5520373 0.3698468
0.3044124 0.4398600 0.9930423
0.7741973 0.8715494 0.9524027
0.5650717 0.6657418 0.6805052
0.5003440 0.6520350 0.5598432
0.7134769 0.5876796 0.6018204
0.5172676 0.5728792 0.6688501
0.3803202 0.1760769 0.3156947
0.8287264 1.1330744 0.4327060
0.5785168 0.6093697 0.3729652
0.3525004 0.6362262 0.2709935
0.2728645 0.2885856 0.1816819
0.3630035 0.3751665 0.4939033
0.4473323 0.5014826 0.5074473
0.3039051 0.4846641 0.8301993
0.4251203 0.4310882 0.5402848
0.4103615 0.4637078 0.5441901
0.5245348 0.4611636 0.4318818
0.3558338 0.3637760 0.5373696
0.4078703 0.4210941 0.2702261
0.2062536 0.2749360 0.4731733
0.6554991 0.2535565 0.6562204
0.3783964 0.3530379 0.6850787
0.6021325 0.9054843 0.6812532
0.5240669 0.8197004 0.6040127
0.6219032 0.4353709 0.7701924
0.4467642 0.4647045 0.3034065
0.4354092 0.5210703 0.5120590
0.8061721 0.7955650 0.6082898
0.6607781 0.5744210 0.3215703
0.5395551 0.6926035 0.6754694
0.3928230 0.6927630 0.3963688
0.3972995 0.4920989 0.6370448
0.6248809 0.3923918 0.5457603
0.6821006 0.2844024 0.3169022
0.5462259 0.5311982 0.4218310
0.5258364 0.4760701 0.4806481
0.3551481 0.6503802 0.6523494
0.6644625 0.5475823 0.4559294
0.7650646 0.4384264 0.4989292
0.7691751 0.6424308 0.7329993
0.6222381 0.4479972 0.4276387
0.5777763 0.4263340 0.4615228
0.7503639 0.2734345 0.4089015
0.5356058 0.5075629 0.7044010
0.5847906 0.5582318 0.4073666
0.5792265 0.6157150 0.4662037
0.4190941 0.5866070 0.5503473
0.7168554 0.6759941 0.4576828
0.4831081 0.7742496 0.5175286
0.3705314 0.5101910 0.2285781
0.4866756 0.3299672 0.3851199
0.5876986 0.3767958 0.4007408
0.7437637 0.6770426 0.4392774
0.6857479 0.3049515 0.5597997
0.1333724 0.2142302 0.2395918
1.0679642 0.5957763 0.5276818
0.6212778 0.6456298 0.2879092
0.2772690 0.3686021 0.7853080
0.5144676 0.7169791 0.5532776
0.3258958 0.3218506 0.5582794
1.1373086 0.5239339 0.3921076
0.5593661 0.6099561 0.8160769
0.3586859 0.5172604 0.3227449
0.7836328 0.4932655 0.5847176
0.4176207 0.4363267 0.4270923
0.4066002 0.3075228 0.4451451
0.3745490 0.5515505 0.3814903
0.8075023 0.8131679 0.5271981
0.6580973 0.4899972 0.4246893
0.4061204 0.4388281 0.8408651
0.6831009 0.8556590 0.7047104
0.3269149 0.3137844 0.5103327
0.6611127 0.3133315 0.3271256
0.2299834 0.2746254 0.2310809
0.4124402 0.4550530 0.6523513
0.7494365 0.6767115 0.6781433
0.3598489 0.5006679 0.4680948
0.6069180 0.5454954 0.5780156
0.6361132 0.6610387 0.7174437
1.2626292 0.8740682 1.2570402
0.7550344 0.4599736 0.4308713
0.5986449 0.5430711 0.7788493
0.2088218 0.2361474 0.3159265
0.3457112 0.8711064 0.7212618
0.9447508 1.0067742 0.5198620
0.4036814 0.4532149 0.3154559
0.4826886 0.5199083 0.4100687
0.8934215 0.4665663 0.5272439
0.1721162 1.1960706 0.3596398
0.3844635 0.2531136 0.7058517
0.4614831 0.2471628 0.3784044
0.6139988 0.9629804 0.6638269
0.3550444 0.6378984 0.3646019
0.3586650 0.5276560 0.5725077
0.6565756 0.9614046 0.6063596
0.6382095 0.3089201 0.3208503
0.5962625 0.5649816 0.3670971
0.5657025 0.5062236 1.0096577
0.5836538 0.3989956 0.4304254
0.4736804 0.6920869 0.4432521
0.2492649 0.3671544 0.3585326
0.4099451 0.5130041 0.4506152
0.6424008 0.5550995 0.8304446
0.5685301 0.8044887 0.5767236
0.3994737 0.4843315 0.6900814
0.3631870 0.6263970 0.7754747
0.6677842 0.5986893 0.9146735
0.4604617 0.5297554 0.3477522
0.3965931 0.2159540 0.1968733
0.8698373 0.4225073 0.4082975
0.2691902 0.6792593 0.3111491
0.2982368 0.2250518 0.5230471
0.6252397 0.4018570 0.3271532
0.6557642 0.5577942 0.5845902
0.3687901 0.2994540 0.5912738
0.3866393 0.3583627 0.5514455
0.5086474 0.9379135 0.4009244
0.4565489 0.6117980 0.5660795
0.5536322 0.4511888 0.6775922
0.4343086 0.4585860 0.4398799
0.4288924 0.3383469 0.7994339
0.3471840 0.4984784 0.6488344
0.8919220 0.7158840 0.6439242
0.5673230 0.3641162 0.3160778
0.4085396 0.8955230 0.1970907
0.3917324 0.3441899 0.5862144
0.3733671 0.5754653 0.3029310
0.3815625 0.3133532 1.0655084
0.4631184 0.6895770 0.5795942
0.3927261 0.5803360 0.3600871
0.2335457 0.3576891 0.3624421
0.5872408 0.2387810 0.5036872
0.5415105 0.4297214 0.5601361
0.3732545 0.3291097 0.3910067
0.4517653 0.4420590 0.3768524
0.8004644 0.7241214 0.7091770
0.6057481 0.7383505 0.6478625
0.4898678 0.6458878 0.4888151
0.4762325 0.3447904 1.0048961
0.6668272 0.7145733 0.7805413
0.1749407 0.3535201 0.4298463
0.5010232 0.5077473 0.2466215
0.6250726 0.4483178 0.6781302
0.7083777 0.4146147 0.3256025
0.6170187 0.3786667 0.6649668
0.3931977 0.5336844 0.9273479
0.5054839 0.3571504 0.8797223
0.6895999 0.3582046 0.3165315
0.4731002 0.6723124 0.6951150
0.2717671 0.4909882 0.4725687
0.2599058 0.2808273 0.1911040
0.2851795 0.3791379 0.2379997
0.3551839 0.6175673 0.3853128
0.5146105 0.4228640 0.8088889
0.3142333 0.5332877 0.5147395
0.3503168 0.5984396 0.2918323
0.5437699 0.3070769 0.5273780
0.3658137 0.3720588 0.5681219
0.7627942 0.4454206 0.5180918
0.3775557 0.7001606 0.5841597
0.5501380 0.5524870 0.5941918
0.4913645 0.2611877 0.5423316
0.3793559 0.4307003 0.7234237
0.6075667 0.3698428 0.5076902
0.1801582 0.2489205 0.3407063
0.5969151 0.4825324 0.5206785
0.5281452 0.5379556 0.7209736
0.5363075 0.2662429 0.3439926
0.4842767 0.4105784 0.6422460
0.4367287 0.3377440 0.2416327
0.5073315 0.9409541 0.3708583
0.7228350 0.4692088 0.5474084
0.6292190 0.4883333 0.3994251
0.7427425 0.5062601 0.7856415
0.7560083 0.3559835 0.8135720
0.4257668 0.4455721 0.3837379
0.7545188 0.4916889 0.6779054
0.4204912 0.4566552 0.4004413
1.3448450 0.9790378 0.5274720
0.1896366 1.0103814 0.1934646
0.4383501 0.2692326 0.5693022
0.5062019 0.4376761 0.5091505
0.4910921 0.4906068 0.4656592
0.3448223 0.4046185 0.6022063
0.4891289 0.7640142 0.3712979
0.5294877 0.6335503 0.6085090
0.7718858 0.8315739 1.2448995
0.4581185 0.5446390 0.7084248
0.3089386 0.7591739 0.2384345
0.4845771 0.6633814 0.4286048
0.5236454 0.5228899 0.5400538
0.5328135 0.4184528 0.2657159
1.4337225 0.5791350 1.0076323
0.6683126 0.6197065 0.7009712
0.3448181 0.6049908 0.4329101
0.2842843 0.2107333 0.5999639
1.1988118 0.4672881 0.4907552
0.8570952 0.7798905 0.6550258
0.3723502 0.4059962 0.6517364
0.5186227 0.3734046 0.6207561
0.4100880 0.7115170 0.4957128
0.3868157 0.3789483 0.3302532
0.3582244 0.4918145 0.2098141
0.2375361 0.4254975 0.4997496
0.6125644 0.4836269 0.7490496
0.2142578 0.3767619 0.8310122
0.8398132 0.7189620 0.4972560
0.2113969 0.4059441 0.3702211
0.3905858 0.3738573 0.2899925
0.5278458 0.5562152 0.3678602
0.5177626 0.2864261 0.3555698
0.3444133 0.6595622 0.4449621
0.3682984 0.7626186 0.4791207
0.3469776 0.5170019 0.5787050
0.8387539 0.4735291 0.4953365
0.1826908 0.4486532 0.4674935
0.6791362 0.4600754 0.6256816
0.3470352 0.2685234 0.2227506
0.6259016 1.0799171 0.6905687
0.3822802 0.6016718 1.0803993
0.2797415 0.3942799 0.4522955
0.7889905 0.3500272 0.5541844
0.2779413 0.4546721 0.4519523
0.2610422 0.4195085 0.5215040
0.6473208 0.4256372 0.4439100
0.4937983 0.5678152 0.4854276
0.8168395 0.8363398 0.5676927
0.6359830 0.6005438 0.5784046
0.5029054 0.3556049 0.6224828
0.7132135 0.3883298 0.4173782
0.7205008 0.7188450 0.6951671
0.3954877 0.5126396 0.4658523
0.6506011 0.6024858 0.8362305
0.7061770 0.3078244 0.4062805
0.7868690 0.6107157 0.5335727
0.4781619 0.4554887 0.6920183
0.2862175 1.0746006 0.2955933
0.3765428 0.4150874 0.7256887
0.3676192 1.1835685 0.8880883
0.4637782 0.4463974 0.4703984
0.4574137 0.5199558 0.4905988
0.4470415 0.7465673 0.4482057
0.7825621 0.8141750 0.5438808
0.4458768 0.5233010 0.4910949
0.2700736 0.2306723 0.4481329
0.5403982 0.6355135 0.5171542
0.3485645 1.1217761 0.4133746
0.4011159 0.4001331 1.1007189
0.4217974 0.7069784 0.3764134
0.1827114 0.2455776 0.2222291
0.6443521 0.4701907 0.3502305
0.9949445 0.4852145 0.3521451
0.8362905 0.5521862 0.8548062
0.5783178 0.4683020 0.9326368
0.4604130 0.5167775 0.3670869
0.4050262 0.4625578 0.4688142
0.5852633 0.5179339 0.3967793
0.3314675 0.3657705 0.1467812
0.4885325 0.5459042 0.7520704
0.2461797 0.1641585 0.2234818
0.6302954 0.5491522 0.5523543
0.4367962 0.5425911 0.3458865
0.5497470 0.6056178 0.6660812
0.3982135 0.4886663 0.5025291
0.3340186 0.3507152 0.7161063
0.6239875 0.5167099 0.3514642
1.1066980 0.8576263 0.8596370
0.7452519 0.5671142 0.7841668
0.4997734 0.5309602 0.5265637
0.4312875 0.7036299 0.4905390
0.5648673 0.7356044 0.6630756
0.3980697 0.8361741 0.6992253
0.2294960 0.3642492 0.3673271
0.7653826 0.4383942 0.6800006
0.5580164 0.5431758 0.5424023
0.5328142 0.2820399 0.4172173
0.3247141 0.5016232 0.7146583
0.7511899 0.6412632 0.4910605
0.4091103 0.4576220 0.4170866
0.4806005 0.5037150 0.4103418
0.6115439 0.2468724 0.3381915
0.5649156 0.4649619 0.6231067
0.3076517 0.4148027 0.2710850
0.6509863 0.7312445 0.8133968
0.3475049 0.8860386 0.3150632
0.3693619 0.6392770 0.5957762
0.5061646 0.7296641 0.5790538
0.3995821 0.3990960 0.4458811
0.2776213 0.7880400 0.3937766
0.4009597 0.6510512 0.4516161
0.8645457 0.3121333 0.2701660
0.2326644 0.2640295 0.3725504
0.6451992 0.1417520 0.1414373
0.9209413 0.6778887 0.4048347
0.5949507 0.5378308 0.5122642
0.1970401 0.4328109 0.2090886
1.0049446 0.5298320 0.6136357
0.7806296 1.0096969 0.7738282
1.1439087 0.5276953 0.5615829
0.4498133 0.1934213 0.3549428
0.1558575 0.1487564 0.1672072
0.4932418 0.8997162 0.6036851
0.5023782 0.3539571 0.4937205
0.5408712 0.7180648 0.4827743
0.4450677 0.2887885 0.1967342
0.3890664 0.4413435 0.3507626
0.6577753 0.5751762 0.4913756
0.3516311 0.2913315 0.3842667
0.4421246 0.4740006 0.5398735
0.5533567 0.3898039 0.6701319
0.4654185 0.6566996 0.5308865
0.4517035 0.4412062 0.4248036
0.7815005 0.5860307 0.6995934
0.3914221 0.4556269 0.5973933
0.4448658 0.8052407 0.4414056
0.3582488 0.3884272 0.4352698
0.5244955 0.5451848 0.4637062
0.3139392 0.8500619 0.2529311
0.1485332 0.1541100 0.2665848
0.3920674 0.9199622 0.3158919
0.5472781 0.3750941 0.3115210
0.5593318 0.4587573 0.5239288
1.0600967 0.2003524 0.4952038
0.3594339 0.4586849 0.4539955
0.4787403 0.5912290 0.3717082
0.6095323 0.2800591 0.2949458
0.2919267 0.7985461 0.4432810
0.3719540 0.5398114 1.0281589
0.3086287 0.3649050 0.5853095
0.3605049 0.5661512 0.5717112
0.7886226 1.0490084 0.6340545
0.4898448 0.5962156 0.4021046
0.5730413 0.3027996 0.2335103
0.4376867 0.5285256 0.4705275
0.4201457 0.6217953 0.7605712
0.7517250 0.4123072 0.6704857
0.3846978 0.4688706 0.3867209
0.5203853 0.5504918 0.6007288
0.2039418 0.4379635 0.3668081
0.8121748 0.6451087 0.7516565
0.4214735 0.4568400 0.9609717
0.6616398 0.2961752 0.4725126
0.6250809 0.5292427 0.5209203
0.3511585 0.4483112 0.4639491
0.3556986 0.6304475 1.1898012
0.5156712 0.6092485 0.4304812
0.3566184 0.4775937 0.4751854
0.4707835 0.5254019 0.3209779
0.4678655 0.3200844 0.4134189
1.5331780 0.9018934 0.8202271
0.3062801 0.5469541 0.6652986
0.5104776 0.5485022 0.6717179
0.2642089 0.5010046 0.3020876
0.4062864 0.5431507 0.3762476
1.0073495 0.5648533 1.1978854
0.5706979 0.4505316 0.4355680
0.3489882 0.3048592 0.4638502
0.3071048 0.3930593 0.6086582
0.7745969 0.7743777 0.6660935
0.7281781 0.9875567 0.5246459
0.4596697 0.2737574 0.4085453
0.1321448 0.1558767 0.1809652
0.6522193 0.8274455 0.6883876
0.4665453 0.6824564 0.6072940
0.4591722 0.5590975 0.6749125
0.6558491 0.6263508 0.4710469
0.6580847 0.7174969 0.5511024
0.7888287 0.8299178 0.3675113
0.7422640 0.5546606 0.5006669
0.6266570 0.4169207 0.4688851
0.4537778 0.5695059 0.5356334
0.3372754 0.4804384 0.3995985
0.3647693 0.2600952 0.5469654
0.3375208 0.3805154 0.4829966
0.2481277 0.3009287 0.1923779
0.6238273 0.5272622 0.5801304
0.6268517 0.5433112 0.5744990
0.5554036 0.3012199 0.3075095
0.3618069 0.5536268 0.3283213
0.4839785 0.5312431 0.5717049
0.7695558 0.5440322 0.5958539
0.3557783 0.4841998 0.7544986
0.5010140 0.3908912 1.0829678
0.7146111 0.7342059 0.5423937
0.6705144 0.4748632 0.3141486
0.3800522 0.4249593 0.4744280
0.9276875 1.0132119 0.8474528
0.7804653 0.3898231 0.5851303
0.6146483 0.4716006 0.4562752
0.3070978 0.5288440 0.3464753
0.4358936 0.2678296 0.2391729
0.3133837 0.4247380 0.2659590
0.4153952 0.4741870 0.2334467
0.3980736 0.4758167 0.5227629
0.6688807 0.4405548 0.3640986
0.5090630 0.4340391 0.3254556
0.8640910 0.6087893 0.8144517
0.4034256 0.4763534 0.5003619
0.3910206 0.9911169 0.7417921
0.3567407 1.1707487 0.5589348
0.7573417 0.5296672 0.7042098
0.2160323 0.4217704 0.3617846
0.7876052 0.7532567 0.7453722
0.4022515 0.3118589 0.5574975
0.4851811 0.4592232 0.5253326
0.2459846 0.2654872 0.2541196
0.4256054 0.3868973 0.5164754
0.7665389 0.4139471 0.3170268
0.3543669 0.4101481 0.4238911
0.7166869 0.3029350 0.3234693
0.8130226 0.4757743 0.5345349
0.7088762 0.2232582 0.6433638
0.3719182 0.4318760 0.5123862
0.4843975 0.9059949 0.6255447
0.6027617 0.7721398 0.7391569
0.5222766 0.3735938 0.4936196
0.3033802 0.5305274 0.3738684
0.6131576 0.7200714 0.4377545
0.3320661 0.3402726 0.5102228
0.5132645 0.6324665 0.5436672
0.4124880 0.5529773 0.3473630
0.3792433 0.4393468 0.3694851
0.3968639 0.3241043 0.3705273
0.4549548 0.3417261 0.5577777
0.5060771 0.8668280 0.4267777
0.4146279 0.4959797 0.4803846
0.4411027 0.5523088 0.3118115
0.4613672 0.4005907 0.3988866
0.3703390 0.4593495 0.2737989
0.6700072 0.6360494 0.5857452
0.4505853 0.3209339 0.2166546
0.7905430 0.3624155 0.2396831
0.2817437 0.2585943 0.1905138
0.3591055 0.2735118 0.3962117
0.4971976 0.4040558 0.5716683
0.6635482 0.7904111 0.4333637
1.3500485 0.2837170 0.4045386
0.4720039 0.6154128 0.6375268
1.2310079 0.5547017 0.6566795
0.3081837 0.4290764 0.4500958
0.5134263 0.2316882 0.5583849
0.4216471 0.4380078 0.5126419
