 82.13362
 89.25457
 75.72085
 68.64597
 54.93936
 66.70429
 59.89599
 81.39143
 87.94993
 82.31680
 71.08592
108.35732
 54.38216
115.61964
 62.20849
100.72576
 59.76556
 94.35520
 54.36841
 77.29029
 74.49130
 41.92292
 60.52788
 66.38548
 49.78155
 59.83590
 52.11344
 49.81662
 86.94578
114.18861
 86.86814
116.89144
 53.96655
 87.13123
 57.38804
 74.28328
 85.03693
 89.88446
100.21523
 76.98151
 91.00380
 30.19848
 86.68036
 71.17816
 64.18010
 81.58168
 93.13374
 50.23456
100.16903
 95.12477
 78.64014
 51.01317
 41.63279
 55.68400
 58.93991
 86.35249
 47.47124
 60.28850
 71.85272
 78.82243
 91.50893
 32.15206
 69.20610
 63.83163
 76.07945
 78.66825
 62.88284
 73.32215
 63.69483
 81.89976
113.71997
 61.82485
 51.07403
 72.32279
 51.42432
 83.95915
 60.59033
 86.28075
 58.98429
 42.02706
 28.98966
 91.45327
 96.39896
 59.99168
 50.85920
 90.54070
 81.75443
 37.95270
 89.22195
 72.45221
 68.44783
109.87074
 74.95325
 62.45066
 47.32055
 98.11422
 87.43435
 99.32175
111.85849
 38.81831
