1.084746
0.000000
1.190290
0.900807
0.400000
1.119884
1.218050
1.467278
1.167902
1.148301
1.107870
0.400000
1.113194
1.078766
1.467278
0.850757
0.996474
1.107870
0.886069
0.965468
1.078766
1.785389
0.850757
0.996474
1.209953
0.901654
0.965468
1.257293
1.785389
1.265868
1.648879
1.410792
0.901654
1.154612
1.119356
1.802913
1.309043
1.648879
1.252677
1.455660
1.154612
1.075729
1.486739
1.211686
1.292203
1.184398
1.333084
1.118081
1.075729
1.486739
1.494762
1.292203
1.350421
1.333084
1.499463
1.069007
1.750506
1.494762
1.411525
1.350421
1.333084
1.499463
1.354703
1.750506
1.553769
1.411525
1.350421
1.368498
1.499463
1.376936
1.542402
1.553769
1.583769
1.508961
1.368498
1.499463
1.476995
2.203408
2.123530
1.715405
1.637327
1.368498
1.499463
1.445550
1.688308
2.040813
1.882961
1.637327
1.368498
1.499463
1.268560
1.688308
2.040813
1.873272
1.710177
1.598866
1.984808
1.268560
2.084298
1.725378
1.873272
1.710177
1.598866
1.984808
1.533306
2.084298
2.204537
1.899153
1.909854
1.884772
1.984808
1.533306
1.621036
1.842193
1.899153
1.909854
1.495545
1.531067
1.343526
1.956749
1.842193
1.978259
1.320337
1.495545
1.531067
1.343526
2.008661
1.866628
1.645640
1.930425
1.414345
1.594376
1.576773
2.087814
1.866628
2.199449
1.636688
1.414345
1.594376
1.576773
1.830736
1.866628
2.199449
1.393805
1.212176
1.794307
1.622138
1.985111
1.866628
2.068529
1.748993
1.836360
1.515238
1.563412
2.081520
1.811334
1.744111
1.955001
1.836360
1.515238
1.563412
2.081520
1.753559
1.927731
1.955001
1.616722
1.985337
1.652668
2.081520
1.753559
1.927731
1.761656
1.899386
1.985337
2.726794
2.081520
1.753559
1.927731
2.149857
1.467559
1.985337
1.929520
2.081520
2.518672
2.221251
2.149857
2.073969
1.985337
2.180280
2.081520
2.090423
2.559701
2.149857
1.854649
1.890850
2.022502
2.748832
2.407395
2.347977
2.348789
1.854649
1.890850
2.007183
2.748832
2.114957
2.347977
2.348789
1.734019
2.215233
1.863929
2.748832
2.019449
2.279851
1.875463
1.734019
2.025143
1.351770
2.177312
1.874066
2.156578
1.712589
2.135709
2.025143
1.707526
2.177312
1.898482
2.156578
2.008059
2.091463
2.379441
2.295475
2.410061
1.898482
2.569953
2.295057
2.218020
2.379441
2.094461
2.410061
1.898482
2.569953
1.748828
1.742204
2.379441
1.997178
2.410061
2.047104
2.494340
1.748828
2.253402
1.970023
1.950136
2.410061
2.076769
2.494340
1.748828
1.810181
1.970023
1.474390
2.140182
1.692943
2.494340
1.712740
1.931971
1.603020
1.474390
2.140182
1.718508
1.777454
1.689971
1.446994
1.603020
1.474390
2.148473
1.530990
1.986091
1.689971
1.415677
1.603020
1.282834
2.103447
1.669960
2.140942
1.689971
1.415677
1.603020
1.343203
1.821452
1.791674
2.140942
1.490910
1.767065
1.603020
1.343203
1.821452
1.679430
1.897116
1.464984
1.661320
1.617810
1.343203
2.326125
1.679430
1.519703
1.464984
1.671763
1.545481
1.372207
2.326125
1.905320
2.228303
2.099259
1.711055
1.830983
1.372207
2.326125
1.857955
2.228303
1.695098
1.711055
1.748943
1.735902
2.373457
1.640473
2.187955
1.818698
1.711055
1.748943
1.735902
2.484516
2.406144
2.309538
1.967111
2.232623
1.748943
1.735902
2.484516
1.960583
2.277499
1.967111
1.659614
1.672962
1.687804
2.484516
2.192878
2.460872
1.987183
1.659614
2.160016
1.672494
1.713919
2.192878
2.460872
1.947941
1.806776
1.610123
1.348510
1.819845
1.712860
1.725613
1.661995
1.806776
1.689760
2.042893
1.819845
1.830213
2.166172
1.905712
1.847358
1.734922
1.891963
1.819845
1.796080
1.884948
1.590851
1.787095
1.760008
1.898428
2.472270
1.691865
2.423937
1.858963
1.787095
1.760008
2.322820
2.760130
2.371725
2.423937
1.858963
2.270799
2.270769
1.596631
2.834454
2.371725
3.250170
1.858963
2.394808
2.270769
2.133986
2.666844
2.371725
2.844121
2.011144
2.063167
1.968357
2.133986
2.666844
1.988344
2.070683
2.011144
2.063167
1.658845
2.133986
1.770140
2.487007
2.400976
2.011144
1.991958
1.808184
2.133986
3.106356
2.487007
2.826439
2.254036
2.026483
2.610402
2.133986
3.106356
2.497794
3.051534
2.674746
1.702942
2.018337
1.964890
2.763079
2.497794
2.823950
2.430099
2.097072
2.488778
1.964890
2.470885
2.242636
2.362617
2.430099
1.990655
1.990495
1.964890
2.342678
1.943804
2.129817
2.430099
1.990655
1.990495
1.885792
2.223203
1.943804
1.726624
2.430453
1.395172
2.037948
1.649868
2.223203
2.120120
2.544855
1.993719
1.995649
2.037948
1.818888
3.171317
2.384214
2.544855
2.174460
1.995649
2.037948
1.536860
3.171317
2.667750
2.767725
2.174460
2.280793
2.192679
1.536860
2.778879
2.780573
3.797708
2.174460
2.972423
3.029936
2.740117
3.000800
2.780573
3.015206
2.336626
2.089628
3.151307
2.538941
2.868779
2.818411
2.879320
2.357789
2.089628
3.215631
2.169229
2.868779
2.686034
2.879320
2.357789
2.089628
3.094729
2.152351
2.818267
2.332912
3.456307
2.357789
2.089628
2.370053
2.845415
2.818267
3.099769
3.004147
2.804179
2.089628
2.490166
2.845415
2.818267
3.099769
2.904820
2.804179
3.193218
2.994282
3.181516
4.087238
2.786527
2.904820
2.215788
3.193218
3.200143
3.181516
3.142812
2.786527
2.828301
2.215788
2.050587
2.794487
2.330608
3.142812
2.737941
3.117855
2.352029
2.050587
2.794487
2.330608
2.851805
2.695622
3.117855
2.724048
2.113350
2.495643
2.311790
2.572362
2.601443
2.909823
2.724048
2.462693
2.517623
2.311790
2.572362
2.474178
2.909823
2.299534
2.462693
2.517623
1.863007
2.563545
2.235853
2.909823
2.299534
2.342073
2.602694
2.856608
2.563545
2.574439
2.909823
2.299534
2.179847
2.219608
1.982883
3.095354
2.370296
2.909823
2.107498
2.462859
2.219608
1.982883
3.095354
2.701381
2.909823
2.983065
2.368168
2.370595
1.982883
3.024606
2.813702
2.909823
1.736629
2.050891
2.370595
2.176070
2.001646
1.811283
1.962432
1.736629
2.097547
2.370595
2.176070
2.926475
2.049913
1.962432
1.736629
2.097547
2.370595
2.053394
2.654309
2.049913
3.068790
1.840309
2.054770
1.872674
2.053394
2.654309
2.328555
2.366320
1.871856
2.054770
1.872674
2.153024
2.654309
2.068166
2.366320
2.254097
2.401709
1.888536
2.153024
2.182445
2.040113
2.366320
2.044957
1.688832
2.088494
2.153024
2.076649
2.040113
2.366320
2.044957
1.688832
2.071136
1.637583
2.224633
2.040113
2.625433
2.005800
1.718370
2.071136
1.637583
2.224633
2.040113
2.114995
1.871792
1.718370
2.071136
1.563909
2.580460
2.488394
2.219337
2.002385
1.718370
2.071136
1.563909
2.580460
1.926459
2.064455
1.817654
1.718370
2.071136
1.563909
2.580460
2.006335
1.659117
1.762113
2.334898
2.022403
2.183553
2.745224
2.789524
2.041040
2.391572
2.334898
2.022403
2.063901
3.101937
2.109012
2.746626
2.681081
1.815157
2.022403
2.063901
2.524049
2.597852
2.746626
2.138738
2.036885
2.316198
2.063901
2.642698
2.421534
1.926256
2.138738
2.665899
2.551931
2.063901
2.350701
2.421534
2.546317
2.280929
2.265634
2.100913
2.063901
2.350701
2.285685
2.546317
2.312250
2.265634
1.755298
1.764517
2.621233
2.285685
2.751542
2.474011
1.667354
1.755298
1.764517
2.725853
2.101603
2.650281
2.263570
1.934979
1.755298
1.650818
2.725853
2.096438
2.650281
2.279061
1.934979
1.740434
1.650818
2.725853
2.341918
2.650281
2.279061
2.491227
2.369243
1.903267
2.725853
2.212247
2.425407
1.711652
2.196453
2.369243
2.879148
2.854484
2.440363
2.425407
2.696295
2.196453
2.286689
1.713408
2.369969
2.039486
2.620043
2.482743
2.196453
2.286689
2.218394
2.369969
2.039486
2.620043
2.394997
1.485517
2.389139
1.949269
2.986290
2.156781
2.620043
2.454666
1.982036
2.389139
2.069091
2.986290
2.156781
2.337956
2.454666
1.870852
2.341996
2.163982
2.068518
2.430915
2.422740
2.454666
1.889503
2.341996
2.239286
2.068518
2.586405
2.297931
1.906943
2.414270
2.341996
2.013232
2.068518
2.079972
2.136035
1.827119
2.414270
2.084303
2.252854
2.025902
2.079972
2.410548
1.827119
1.940435
2.047310
2.123607
2.025902
1.732129
2.410548
2.444526
1.587751
2.047310
1.754583
2.025902
1.732129
2.070120
2.326359
1.712130
2.176500
1.754583
1.668689
1.513385
2.544232
2.326359
1.652772
2.000173
1.754583
1.901952
2.041473
2.544232
1.503045
2.155986
1.905227
1.794180
2.168442
2.487063
2.544232
1.928076
2.155986
1.905227
1.910106
2.168442
2.521633
2.482223
1.928076
2.667663
1.728569
2.248314
2.168442
2.364218
2.482223
2.601463
2.667663
1.904931
2.075652
1.629924
2.364218
2.240380
1.982463
2.667663
1.732092
2.179469
1.629924
2.281370
2.553824
1.906685
2.667663
1.732092
1.990932
1.629924
1.925454
2.553824
2.223756
2.204373
1.972122
1.990932
1.629924
1.925454
2.394194
2.053882
2.038115
1.772250
1.990932
1.629924
1.690253
2.100678
2.053882
2.468712
2.212800
1.990932
2.084092
1.690253
1.953713
1.660786
1.814994
1.694717
1.990932
2.084092
2.117403
2.043160
1.608446
1.579137
1.694717
1.990932
1.549365
1.444950
2.008861
1.735577
1.579137
1.488223
1.431514
1.549365
1.466926
1.926578
1.818567
1.579137
1.650979
1.431514
2.190662
1.466926
1.577211
1.814610
1.579137
1.858261
1.431514
1.826697
1.466926
2.153850
2.204879
1.746596
1.858261
1.462901
1.680940
1.466926
1.727654
2.204879
1.933436
1.858261
1.663133
1.680940
1.466926
2.000599
1.543306
1.645574
1.858261
1.657954
1.886642
1.746299
2.000599
1.910052
1.613837
1.858261
1.821491
1.876617
1.887818
1.889249
1.910052
1.613837
1.185598
1.233116
1.876617
1.970907
1.889249
1.470743
1.613837
1.659984
1.789685
1.928547
1.585693
2.170509
1.470743
1.613837
1.659984
1.737764
1.928547
1.853600
1.723480
1.470743
1.906734
1.874461
2.206821
2.509903
1.853600
2.333024
1.971303
1.365934
1.845555
2.140752
3.278913
1.853600
2.333024
2.519141
1.629967
2.007006
2.138327
2.418139
2.136036
2.333024
2.519141
1.629967
2.252386
2.359550
2.418139
2.136036
2.333024
2.519141
1.629967
2.234036
1.716235
2.418139
2.296129
2.438916
2.010074
2.129299
2.425903
1.716235
2.418139
2.388527
2.303610
2.010074
1.962623
2.057626
1.936386
2.418139
1.856129
2.391786
2.230140
1.785711
2.057626
1.936386
2.418139
1.856129
2.685525
2.006687
1.785711
2.303191
2.198807
2.147556
1.856129
2.685525
2.145022
1.895523
1.995914
1.883614
2.147556
2.185672
2.456680
2.145022
1.443566
2.219342
1.732933
2.243084
2.333044
2.070191
2.296835
1.443566
1.799332
1.732933
2.317174
2.333044
2.070191
1.987809
1.672644
1.696392
1.815672
2.317174
2.004535
2.070191
1.987809
1.672644
1.395876
1.597107
2.317174
2.197425
2.134037
2.119585
1.672644
1.809015
1.597107
2.287834
2.151638
2.430628
2.119585
2.138601
2.496211
2.099910
2.635863
2.151638
1.862259
1.931686
2.138601
1.853644
1.568581
2.635863
2.151638
2.176674
2.338586
2.125798
1.966125
1.568581
1.887014
1.942775
2.176674
1.812822
1.987634
2.113931
1.766955
2.026959
1.942775
2.064737
1.814990
2.127186
1.820967
1.766955
2.041673
1.592403
2.064737
1.919343
1.447147
1.571592
1.766955
2.041673
1.730727
2.064737
1.919343
1.518782
1.935960
1.766955
2.041673
1.730727
1.992021
1.785687
1.587045
1.635744
1.844508
1.702625
1.694792
2.368333
1.785687
2.086126
2.044259
1.742528
1.702625
1.694792
2.230816
2.175683
2.167716
2.044259
2.034303
3.393236
2.535985
2.324913
2.175683
2.167716
2.024393
1.671340
3.393236
2.326883
2.234314
2.175683
1.834998
2.291252
1.572543
2.112952
2.326883
2.234314
2.223715
2.011648
2.124500
1.572543
2.288126
2.326883
2.397658
2.031851
2.011648
1.866600
1.522930
1.617050
2.154710
2.397658
1.562394
2.011648
1.723172
2.073690
2.408065
1.847889
2.397658
2.326619
2.344412
1.908047
2.305287
1.789529
1.847889
1.939147
2.326619
1.701278
2.036212
1.646950
2.672046
2.354042
1.939147
1.768885
2.053358
2.036212
1.835210
2.903265
2.079023
2.436322
2.547813
1.944415
2.036212
1.835210
2.791523
2.079023
2.436322
2.547813
1.705740
2.248700
2.114946
2.791523
2.079023
1.913045
2.394148
1.648612
2.248700
1.736249
2.791523
2.071650
1.913045
1.646030
1.648612
2.248700
1.631170
2.791523
2.071650
2.552168
1.646030
2.383208
2.285106
1.851418
2.791523
2.114476
2.552168
1.977072
1.903998
2.164094
1.851418
2.598513
2.114476
2.146066
2.147558
1.683407
2.197037
1.886607
2.903015
1.991491
2.499444
2.070509
2.040535
2.197037
1.886607
1.417283
1.991491
2.366735
2.070509
1.836373
1.667010
1.937763
1.703317
1.991491
2.549457
1.846063
2.082600
1.667010
1.918264
2.751548
2.521556
2.549457
1.818667
2.082600
1.667010
2.445129
2.142528
2.017853
2.549457
2.045078
2.082600
1.667010
1.572359
2.210218
2.017853
2.494210
2.540843
2.082600
2.093091
1.625757
2.210218
2.158190
2.494210
1.955811
1.822320
2.057884
1.666096
1.631964
2.158190
1.897066
1.516012
1.681839
1.924747
1.666096
3.096330
2.007790
2.262504
1.856494
1.681839
1.629935
1.666096
1.902658
2.117544
1.999821
1.856494
1.754068
1.862899
1.975227
2.216750
1.628180
1.837213
1.652935
1.803677
1.956365
1.975227
2.216750
2.158238
2.532554
2.162824
1.163424
1.640061
1.975227
1.863154
1.938341
1.993135
1.809180
1.546740
1.640061
1.711854
2.116045
1.938341
1.675320
1.195644
1.546740
1.640061
1.597172
2.041302
1.698098
1.811945
1.517034
1.986909
1.935659
1.597172
2.197257
1.911223
1.811945
1.517034
1.986909
1.779136
1.531035
2.197257
1.682365
1.811945
1.721906
1.361988
1.531274
1.531035
2.197257
1.682365
1.811945
1.747253
1.516892
1.531274
1.320103
2.197257
1.964888
1.811945
1.836364
1.587036
1.531274
1.567861
2.197257
1.964888
2.114225
1.864728
2.228382
1.801920
2.175334
1.919134
1.942723
2.114225
1.950657
2.067371
1.801920
2.175334
1.522343
1.659319
1.667113
1.950657
1.540372
1.801920
2.175334
2.209512
1.896260
1.959319
1.449708
1.540372
1.801920
1.526479
2.209512
1.896260
2.259529
1.449708
1.435689
1.783188
1.526479
2.349099
1.896260
2.259529
1.797324
1.688774
2.115383
1.562589
1.815803
1.896260
2.259529
1.814197
1.676272
1.968124
1.562589
1.712337
1.731545
2.259529
1.933989
2.011394
1.904094
2.033739
1.712337
2.257006
2.188792
1.549041
1.932160
1.904094
1.764578
1.873210
1.727767
2.013580
1.844505
1.975821
1.904094
1.764578
1.873210
1.869196
2.013580
2.185468
1.901969
1.938652
1.943065
2.224430
1.871032
1.466073
1.544398
1.384327
1.584474
1.943065
1.878238
1.871032
2.025770
1.776247
1.384327
1.584474
1.844770
1.673244
1.828393
2.108552
1.828524
1.384327
1.584474
1.844770
2.249650
2.009182
2.108552
2.198005
2.116162
1.747165
1.347744
2.249650
2.212773
1.949505
1.985098
2.116162
1.747165
1.347744
2.249650
2.311068
2.046468
1.712592
1.682641
1.407926
1.347744
1.772547
2.311068
2.614975
2.240878
1.682641
1.683671
2.114391
1.772547
2.311068
1.948755
1.828015
1.441966
1.639541
1.605633
2.119310
1.702690
2.092244
1.828015
2.082836
1.766931
1.781767
2.119310
2.076342
2.220531
1.713409
2.069688
1.947641
1.781767
1.736148
2.076342
1.881002
1.688355
2.069688
1.947641
2.154000
2.321501
1.999316
2.240991
1.921373
2.051705
1.947641
2.154000
2.321501
1.999316
2.128203
1.859500
2.051705
1.324643
2.087378
2.032853
1.757884
2.232153
1.690744
2.051705
1.324643
1.337662
1.920911
1.798276
1.749862
1.725813
1.727940
1.324643
2.112325
1.920911
1.798276
2.026573
1.657598
1.398101
1.324643
1.728085
1.920911
1.798276
1.828651
1.801072
1.510376
1.728175
1.728085
1.920911
1.231298
1.473753
1.353358
1.510376
1.622365
1.521679
1.920911
1.340663
1.473753
1.353358
1.369325
1.544753
1.408037
1.920911
1.471770
1.291347
1.353358
1.313977
1.419934
1.408037
1.920911
1.561790
1.934215
1.353358
1.197223
1.545545
1.550774
2.138865
1.968846
1.934215
1.551681
1.289164
1.752162
1.550774
2.138865
1.523775
1.934215
1.903131
1.818972
1.431317
1.462738
1.872488
2.455104
1.934215
1.903131
1.421264
2.192418
1.462738
2.307284
2.455104
2.435963
2.276219
1.470535
2.192418
2.126220
2.412066
2.455104
2.480585
2.217315
1.470535
1.945788
2.126220
2.902148
2.386679
2.480585
2.149600
1.470535
2.110912
2.039838
2.225878
2.508719
3.051293
2.149600
1.470535
2.110912
1.919978
3.373591
2.508719
3.051293
2.580386
2.115653
2.593626
2.234607
2.611901
3.303517
2.660720
2.213447
2.115653
2.396977
2.172178
2.507081
3.303517
2.668819
2.788717
2.409028
2.226456
2.172178
2.507081
2.201102
2.385941
2.289057
1.786352
2.005243
2.395441
3.044126
2.201102
2.534851
2.289057
1.951433
1.894761
1.768103
1.925810
2.146929
2.432093
2.342548
1.951433
1.894761
1.833801
1.925810
1.931392
2.432093
2.110403
1.590684
1.894761
1.903055
1.720424
1.997578
2.256738
2.155186
1.590684
1.894761
1.735038
1.957522
1.874869
2.256738
1.986942
2.067292
1.894761
2.101011
2.001097
1.874869
2.391450
1.828984
1.633405
1.989477
2.101011
2.631599
1.627266
2.391450
2.780220
1.633405
2.145029
1.873903
2.678329
2.328896
2.089112
2.006812
2.815813
2.123243
1.873903
2.447323
2.328896
2.181703
1.990567
2.100745
2.123243
1.873903
2.411769
2.316890
2.181703
1.990567
2.009472
2.477667
1.873903
2.750672
2.316890
2.957698
2.206317
2.009472
2.039136
2.397862
2.750672
2.658467
2.957698
2.274790
2.559167
2.603645
2.397862
2.750672
2.565407
2.957698
2.980425
2.327708
2.617059
1.900105
2.670228
3.216254
2.957698
2.980425
2.511732
2.114193
1.900105
2.670228
2.673541
3.355630
2.238067
2.602990
2.114193
2.099435
2.575507
2.323294
2.348258
2.238067
2.602990
2.321222
2.099435
2.575507
2.106029
2.133007
1.838550
1.751194
2.068244
2.099435
2.019102
2.068716
2.693994
2.056486
1.751194
2.068244
1.508884
2.455411
2.248920
2.340654
2.081256
1.751194
2.068244
2.051426
2.455411
2.115128
2.340654
2.456365
1.906411
2.068244
2.108949
2.222406
2.514939
2.340654
2.407998
1.909072
2.068244
1.403440
2.413180
1.974923
2.340654
2.407998
1.872960
2.068244
1.997247
2.065876
2.429003
2.261269
1.772589
2.212741
2.068244
1.997247
2.277210
2.237085
2.970703
2.495899
2.212741
2.068244
1.749091
2.277210
1.860360
2.970703
2.860788
1.880731
2.410779
2.421104
2.833738
2.826305
2.970703
2.642269
1.880731
2.437622
2.421104
2.833738
2.116095
2.970703
2.402549
2.220701
2.463648
1.858565
2.833738
2.437461
2.970703
2.451570
2.220701
2.463648
2.458801
2.833738
2.008000
2.971355
2.486288
2.436405
1.841465
2.219772
2.823024
2.008000
2.702335
2.043545
2.257413
1.841465
2.219772
2.357001
2.008000
2.702335
1.931965
2.058122
1.841465
1.926628
2.357001
2.045611
2.260320
1.919875
2.058122
1.924028
2.166191
2.492005
2.603141
2.260320
2.129042
1.979070
1.924028
1.509100
3.283205
2.603141
2.217566
1.664968
1.298695
1.924028
2.556311
1.649758
2.497164
2.217566
2.301618
2.362336
2.364796
2.556311
2.708160
2.183107
2.487679
2.301618
2.281818
2.364796
1.830566
2.363292
2.183107
2.682854
1.904097
2.019730
1.917648
1.830566
2.363292
2.183107
1.803901
1.904097
1.795970
1.677952
1.289994
2.363292
1.571519
1.944968
1.988775
1.478872
1.677952
1.581630
2.363292
1.686207
1.708132
1.555605
1.478872
1.826614
1.393849
2.363292
1.791157
1.708132
1.992242
1.478872
1.485423
1.402399
2.363292
1.314289
1.654599
1.747048
1.471505
1.485423
1.402399
2.092498
1.761013
2.071967
1.641987
1.471505
1.565853
1.402399
2.092498
1.678510
1.997557
1.592552
1.803017
1.761724
1.402399
2.156493
1.601128
1.685274
1.592552
1.611129
1.541471
1.538666
2.156493
1.674968
1.577119
1.851947
1.569691
1.541471
1.538666
2.156493
1.653863
1.974342
1.380973
1.414697
1.740435
1.538666
2.521523
2.056232
1.728901
1.705045
1.679738
1.740435
1.538666
2.363128
1.564066
1.929772
1.705045
1.679738
2.048258
1.592989
1.909457
1.564066
2.122306
1.705045
1.818686
2.048258
1.825722
2.361596
1.877795
2.024854
1.832392
1.611785
2.048258
1.825722
2.361596
2.096770
2.024854
1.789341
1.611785
1.619895
1.768681
2.354134
1.814155
2.024854
1.818750
1.611785
1.532458
1.860495
1.835082
1.814155
1.587262
1.259882
1.746070
1.920821
1.860495
2.193783
1.855702
1.872424
1.830551
1.746070
1.693347
1.860495
2.659191
1.855702
1.872424
1.819774
1.630618
2.009492
2.049771
1.945103
1.589776
2.372221
2.054861
1.630618
2.009492
2.242919
2.009943
1.589776
2.128990
1.438817
1.630618
1.833634
1.784559
1.865574
1.689560
2.128990
1.570715
1.866450
1.823078
1.623887
1.663787
2.004021
2.128990
1.758664
1.937626
1.862733
1.623887
2.210580
1.933092
1.529169
1.382845
1.937626
1.947918
1.623887
1.788972
1.933092
1.529169
1.382845
1.631340
1.792237
1.772471
2.473664
1.933092
1.754274
1.888790
1.631340
1.734138
1.411100
1.987049
1.933092
1.244462
1.888790
1.733011
1.508030
1.411100
1.987049
1.632926
1.244462
1.888790
1.733011
1.798022
1.665705
1.987049
1.857679
2.157064
1.693813
1.733011
1.493376
1.670950
1.987049
1.818506
2.035148
1.693813
1.733011
1.493376
1.552963
2.330697
1.869138
1.783558
1.801346
1.733011
2.288894
1.847032
2.330697
2.163056
2.283473
1.801346
2.009265
2.288894
2.186155
3.371842
2.628097
3.269475
2.432682
2.451078
2.946851
2.186155
3.001981
2.469234
2.963698
2.432682
2.649216
2.860769
3.264495
3.001981
2.469234
3.134733
2.399374
2.177811
2.209230
2.305270
2.665429
2.469234
2.841975
2.408434
2.177811
2.831207
2.185072
3.105963
2.905172
2.841975
2.642681
1.812935
2.526684
2.291626
3.563536
2.905172
2.815372
2.236384
2.726600
2.489326
2.291626
3.563536
2.565494
2.815372
2.236384
3.301255
2.489326
2.792988
3.113389
3.298352
3.379432
2.236384
3.301255
3.108337
2.802653
2.838356
3.178270
3.379432
3.060975
3.301255
3.194032
2.222444
2.412504
2.977469
3.379432
3.521044
3.301255
3.267245
3.344610
3.170844
3.362371
3.379432
2.456191
3.301255
2.779331
3.485491
3.160244
2.911136
3.379432
2.456191
2.452503
2.779331
2.290146
2.610212
2.911136
3.379432
2.340051
2.728634
2.779331
2.800927
2.221899
2.911136
2.614378
2.424999
2.728634
2.148125
2.282657
2.221899
2.251052
2.016239
2.424999
2.610942
2.311193
2.142806
2.430903
2.772643
2.016239
2.424999
1.927351
2.311193
2.530235
2.430903
2.772643
2.760759
2.318195
1.927351
1.900312
2.215568
2.430903
2.882268
2.759556
2.055471
2.554783
1.900312
2.215568
3.137883
2.912495
2.759556
3.072145
2.554783
1.900312
2.240296
2.259428
2.874734
2.759556
2.357578
2.203099
1.900312
2.149543
2.259428
2.555704
2.759556
2.611729
2.717697
2.101636
2.692759
1.908806
2.555704
2.759556
2.338601
1.759284
1.961761
2.354726
2.274574
2.555704
3.109140
3.153177
1.759284
2.768601
2.354726
2.718577
2.556566
2.968559
2.618708
1.759284
2.502559
2.518044
3.528365
2.870418
2.968559
2.618708
1.952469
2.502559
2.518044
3.528365
3.187010
2.967881
2.535663
2.653640
2.665501
2.518044
3.528365
3.187010
2.414599
2.556121
2.406146
2.944798
2.440642
3.528365
2.556676
2.355946
2.334665
2.406146
2.178814
2.440642
2.956327
2.262186
3.162210
2.334665
2.178094
2.123780
2.257556
2.956327
2.262186
2.742923
2.334665
1.956193
2.524711
2.257556
2.956327
2.262186
3.272069
2.426260
2.081104
2.603182
2.143805
2.265402
2.262186
2.816831
2.505987
2.824011
2.682595
2.143805
2.265402
2.425996
2.361264
2.419374
2.087748
2.682595
2.059201
2.265402
2.841320
2.867218
2.569812
2.087748
2.946965
1.905548
2.483678
2.251166
2.867218
2.569812
2.087748
2.157691
2.060363
2.483678
2.251166
2.867218
1.849122
1.822364
2.157691
2.578153
2.483678
2.714003
2.381764
1.849122
1.822364
2.086311
2.578153
2.483678
2.714003
2.329241
1.961804
2.371397
2.086311
2.675312
2.885574
2.714003
2.329241
2.818148
2.220811
2.086311
3.179126
2.885574
2.224322
2.329241
2.818148
2.892667
2.328105
2.040967
2.246620
2.262417
2.577184
2.818148
2.074226
2.328105
2.169064
2.132792
2.634651
3.006999
2.218913
1.976686
2.927002
2.169064
2.132792
2.282431
3.006999
2.646207
1.881197
2.927002
2.548278
2.132792
2.222760
2.607755
2.045341
1.881197
1.722934
2.402214
2.343408
1.772532
2.394798
1.946534
1.881197
1.995903
2.402214
2.968437
2.377583
3.031638
2.394979
1.840342
2.475199
2.402214
2.991410
2.085302
2.544842
2.394979
1.840342
2.475199
2.152808
2.991410
2.085302
2.168852
2.394979
2.002631
1.943016
2.638226
2.991410
2.085302
2.426859
2.394979
2.002631
1.876103
2.638226
2.209639
2.220648
2.387185
1.960863
2.002631
2.578183
1.988789
2.604786
2.112536
2.387185
1.960863
2.002631
2.311234
1.953916
2.388558
2.011499
2.411642
1.960863
1.926763
2.465457
1.953916
2.410086
2.179177
2.411642
2.227779
2.344243
2.465457
1.953916
1.924660
2.369708
2.576322
2.227779
2.344595
2.465457
2.317987
2.884557
2.369708
2.359901
2.284373
2.605547
2.465457
1.872608
2.472005
2.369708
2.359901
2.508211
2.639236
2.510524
1.872608
2.658708
2.400496
2.359901
2.553074
1.509051
2.717400
2.507177
2.658708
2.400496
2.826097
2.089143
1.509051
2.295690
1.786820
2.814575
2.194059
2.826097
2.197476
1.986413
2.101712
1.952810
2.895699
2.194059
2.671761
2.197476
2.100243
2.101712
2.275156
1.504244
2.194059
2.435277
2.197476
2.477323
1.808398
2.317807
2.002492
1.562247
2.325850
2.197476
1.793853
1.808398
2.058845
2.002492
2.392433
2.683561
2.451279
2.407821
2.277865
2.058845
2.002492
2.139340
2.554607
1.789770
2.276898
2.277865
2.342788
1.951946
2.436567
2.554607
1.789770
2.284632
2.136763
2.212699
1.951946
2.218485
2.554607
1.789770
1.637293
2.386809
2.212699
1.951946
2.218485
2.802558
1.789770
2.316816
2.462374
2.151572
2.594629
1.944865
2.208355
1.789770
2.316816
1.957124
2.151572
3.143053
2.425913
2.806565
1.789770
1.900022
1.957124
2.151572
2.522402
2.425913
2.463767
2.417523
1.900022
1.957124
1.706187
2.522402
1.978206
2.681452
2.417523
2.021376
2.219086
2.146366
2.631932
1.814944
2.356405
2.417523
1.589211
2.219086
2.497296
2.631932
2.498361
2.603229
2.643938
1.589211
2.028646
2.158414
2.587933
2.693774
2.313198
2.183628
1.589211
2.003488
2.158414
2.080662
1.788284
2.411951
2.183628
1.589211
1.464078
1.954187
2.422437
2.205280
2.411951
1.882231
1.959706
1.464078
1.829844
2.057419
1.802341
2.411951
1.990335
1.919732
1.832245
1.829844
2.352087
2.185812
2.337015
1.990335
1.919732
1.832245
1.784439
2.398738
1.888618
2.148910
1.990335
1.766405
1.832245
1.784439
2.398738
1.888618
2.223258
1.990335
1.913681
1.498848
2.063201
2.035450
1.875925
2.284527
2.014213
1.871709
2.141542
2.063201
1.850429
2.087260
2.307876
2.139716
1.871709
1.358507
1.552018
1.850429
2.229113
2.445193
1.709761
1.591004
1.816037
1.768179
1.850429
1.799062
2.255222
1.759315
1.886870
1.816037
1.768179
1.909730
1.806287
1.728897
1.848755
1.336889
1.907915
1.768179
1.909730
1.802273
1.778460
1.597847
1.865236
2.227782
1.670591
1.909730
1.871145
1.778460
2.142066
1.896711
2.227782
1.670591
2.074700
1.701337
1.778460
1.990055
1.896711
1.859498
1.670591
1.696284
1.701337
1.778460
1.990055
1.698243
1.855449
1.789567
1.696284
1.779509
1.778460
1.570110
1.698243
1.471668
1.851400
1.886333
1.779509
1.668859
1.612992
1.698243
1.378236
1.851400
2.276112
1.656565
1.668859
1.612992
1.319993
1.625649
1.677312
2.276112
2.241476
1.668859
2.258044
2.018718
1.839287
1.677312
2.572350
2.241476
2.539835
1.948155
2.074394
1.839287
1.977988
2.606495
2.241476
2.594176
2.477173
2.392573
2.354264
2.166791
2.261392
2.017506
2.548472
2.477173
2.392573
2.354264
2.166791
2.752600
1.778657
2.548472
2.071386
2.392573
2.354264
1.767881
2.752600
1.778657
2.548472
2.559180
2.392573
2.701304
2.414868
2.374406
2.071489
2.238582
1.572100
2.392573
1.924338
2.431539
2.550223
1.988013
2.238582
1.978952
2.049599
1.924338
1.830653
2.018068
1.970135
2.065874
1.978952
1.774087
1.924338
1.830653
2.336060
2.105371
2.065874
2.136452
1.774087
2.056442
1.975637
2.336060
2.105371
2.065874
1.696281
2.801924
1.826810
1.984124
2.165185
2.105371
2.223632
1.897156
2.801924
1.826810
2.008555
1.337150
2.344811
2.983136
2.807319
2.499675
1.826810
2.522994
2.330868
2.689102
2.676880
1.762727
2.499675
2.486041
2.522994
2.330868
2.755200
2.597483
1.819359
2.429681
2.520548
2.522994
2.092354
1.968983
2.850634
1.819359
2.429681
2.441573
2.365537
3.062878
1.971431
2.510392
1.819359
2.066023
2.441573
2.365537
3.062878
2.558503
2.510392
2.399541
1.838988
2.441573
2.126302
3.062878
2.738661
2.510392
2.434173
2.078372
2.073146
2.139128
2.061220
2.242013
2.510392
2.261690
2.078372
2.447889
2.139128
2.061220
2.242013
2.295803
2.261690
1.754406
2.128525
2.050046
3.177855
2.188615
2.530470
2.093926
1.754406
2.128525
2.424942
3.177855
2.345099
2.649599
2.093926
1.764703
2.385853
2.708474
3.381198
2.435551
2.484518
2.093926
2.154808
2.385853
2.870977
2.695101
2.881777
2.943038
2.503970
2.154808
2.623086
1.837555
2.636087
2.881777
3.125650
2.397992
2.997714
2.623086
2.183170
2.984176
2.881777
3.210524
2.719159
1.791423
2.727790
2.183170
2.984176
2.881777
2.458898
1.901735
2.397082
2.599584
2.183170
2.388760
2.777211
2.755108
2.593974
2.461610
2.599584
2.521819
3.365654
3.163170
2.954498
2.464010
2.461610
2.599584
2.898738
2.975581
3.163170
2.533362
2.400757
2.746265
2.333110
1.951663
2.975581
2.273176
2.533362
2.492273
2.146354
2.295296
2.521297
3.378855
2.857909
2.533362
3.091016
2.146354
2.070312
2.521297
3.378855
3.119970
2.177767
2.654415
2.146354
2.537487
2.586622
3.378855
2.502623
3.030106
2.344507
2.809906
2.837684
2.586622
2.402120
1.702371
3.030106
2.804748
2.439899
2.837684
2.315599
1.893061
2.556373
3.030106
2.353927
2.013314
2.384449
2.315599
1.893061
2.710209
2.931852
2.677385
2.013314
2.647163
2.315599
1.893061
2.367678
2.931852
1.860183
2.713004
2.647163
2.315599
3.121420
2.367678
2.786551
2.692205
2.713004
3.084230
2.742367
3.334118
2.666863
2.547881
2.692205
2.206376
3.084230
2.184251
3.334118
3.266677
3.303520
2.692205
2.206376
2.933902
3.283888
2.782182
2.653059
2.849090
2.692205
2.251018
3.174126
2.372476
2.782182
2.699573
2.849090
2.410011
2.327828
2.277682
2.372476
2.463599
1.893501
2.944046
2.410011
2.094727
2.277682
2.372476
2.796984
2.982409
2.944046
2.410011
2.084959
2.362603
2.103002
3.060228
2.982409
3.195821
2.782237
2.778448
2.377153
2.103002
2.469235
2.982409
3.195821
2.730256
2.778448
2.435619
2.706948
2.469235
3.059369
3.433274
3.025753
2.451391
2.873294
2.706948
2.859580
3.059369
3.433274
3.025753
2.460959
2.873294
2.478315
2.332301
3.059369
2.536869
3.025753
1.845751
2.873294
2.784041
2.332301
2.612865
3.126894
2.372104
1.845751
2.873294
2.563669
2.179976
2.541837
2.541795
2.372104
1.845751
2.873294
2.694729
3.248656
2.546580
2.724650
2.372104
1.845751
2.873294
2.138295
3.248656
3.421819
2.995512
2.372104
2.310167
2.873294
2.387539
3.443856
2.748891
2.658213
2.547476
2.310167
2.873294
2.407199
2.374985
2.580519
2.435771
2.025369
2.310167
2.428094
1.808946
2.638459
1.804992
2.435771
2.025369
2.488712
2.428094
2.049576
2.935924
1.804992
2.435771
2.025369
1.597440
2.529253
2.049576
2.935924
2.058035
2.435771
2.263641
1.637188
1.792706
2.266026
2.880198
2.058035
2.249902
1.707020
1.438799
1.792706
1.855900
1.568658
2.181647
2.249902
1.748508
1.914983
2.067661
1.987110
2.097365
2.181647
1.865098
1.922888
1.516216
2.003190
1.987110
1.880150
1.750696
2.018975
1.788082
1.516216
1.658437
1.987110
2.101190
1.750696
2.008583
1.788082
1.946623
1.562140
1.987110
2.756115
1.750696
2.008583
1.567709
1.504442
1.791751
1.893185
2.346893
1.750696
1.684540
1.567709
2.044983
2.310738
2.272259
2.346893
1.955580
2.143163
1.957326
2.044983
1.988993
1.763908
2.346893
1.955580
2.305391
1.957326
2.000760
2.141087
1.969475
3.065547
1.955580
2.313643
2.284789
1.758671
2.162817
2.304052
3.065547
2.411413
2.605991
2.426127
1.811921
2.162817
1.615851
3.065547
2.411413
2.541645
1.954910
1.811921
1.951979
2.527889
2.996112
2.411413
2.541645
2.297274
1.811921
2.357675
2.213818
2.965971
2.411413
3.183543
2.297274
1.862727
2.357675
1.623861
3.025199
2.208052
3.183543
2.297274
2.386572
2.357675
1.711681
1.791870
2.208052
2.181078
2.453331
1.972365
2.670707
1.783158
2.676266
2.613324
2.181078
2.112347
2.016450
2.670707
1.745073
2.289371
1.690375
2.181078
2.234273
1.447388
1.502211
1.745073
2.289371
1.912935
2.181078
1.902433
1.447388
1.909361
2.080873
2.274751
1.965491
1.748497
1.717660
1.447388
1.960408
1.905750
2.615205
1.840804
1.748497
1.717660
1.152134
1.578750
1.649303
1.974042
1.600311
1.899655
1.457406
1.152134
1.369547
1.649303
1.455680
1.731740
1.899655
1.689277
1.152134
1.821166
1.518632
1.677791
1.355852
1.527378
1.483823
1.912786
1.532147
1.272210
1.907934
1.585019
1.674183
1.483823
1.516415
1.740778
1.887465
2.144639
1.762199
1.674183
1.483823
1.600342
1.740778
1.449098
1.490368
1.715224
1.489417
1.483823
1.600342
1.244239
1.449098
1.490368
1.715224
1.865643
1.455805
1.600342
1.391421
1.484389
1.686327
1.393266
1.865643
1.785565
1.600342
1.545308
1.484389
2.115909
1.859038
1.865643
1.785565
1.600342
1.756325
1.689462
1.857044
1.506424
1.839267
1.714013
1.425767
1.862477
1.470219
2.095867
1.506424
1.572373
1.633384
1.425767
1.862477
1.543874
2.095867
2.066240
1.855870
1.716484
1.425767
1.695211
1.543874
2.095867
1.221126
1.783573
1.501880
1.511582
1.695211
1.694989
1.693318
1.221126
1.765901
1.418941
1.934866
1.617418
1.593485
1.983148
1.618303
1.765901
1.501978
1.934866
1.581839
1.593485
1.783923
1.394191
1.765901
1.753898
1.836901
1.581839
1.593485
1.801691
1.709324
1.715090
1.202349
1.836901
1.230227
1.593485
1.416757
1.239794
1.443089
1.293610
1.532494
1.230227
1.593485
1.952120
1.745604
1.443089
1.682246
1.532494
1.230227
1.473489
2.682840
1.745604
2.098076
1.958355
1.738356
1.230227
1.891002
2.417385
2.164449
2.172861
1.958355
1.738356
1.999855
1.891002
2.417385
2.164449
2.610603
1.952895
2.082201
1.999855
1.789990
2.246750
2.189195
2.610603
1.857989
2.082201
1.999855
1.840236
2.243851
1.833759
1.896910
1.857989
1.971735
1.999855
1.776940
1.704875
1.893194
1.896910
2.082641
1.971735
1.999855
1.367013
2.236113
1.629216
2.392860
2.082641
1.971735
1.844980
1.676392
2.236113
2.101370
2.392860
2.320167
1.620010
1.739599
2.004807
2.236113
2.084857
2.010464
2.320167
1.735115
1.739599
1.705985
2.544047
1.807395
2.010464
1.842558
1.735115
1.625462
1.464937
2.459934
1.771091
2.010464
1.741524
2.105114
2.288875
1.464937
2.459934
2.153574
2.174453
2.010777
2.105114
2.288875
2.195977
2.449036
2.136792
2.174453
2.200382
2.105114
2.351676
2.018327
3.055289
2.131694
2.174453
2.200382
2.398397
2.351676
2.363574
2.587306
2.131694
2.174453
2.144516
2.208652
2.220725
2.363574
2.231106
2.006656
2.509982
2.144516
1.762255
2.220725
2.363574
2.548637
2.371697
2.466017
1.999657
1.762255
2.318613
2.363574
1.859933
1.954966
2.466017
2.083995
1.762255
1.477415
1.883082
2.000015
2.154155
2.106541
2.083995
1.908978
1.885064
1.883082
2.891783
2.372653
2.106541
2.606929
1.708619
2.108735
1.883082
2.763555
2.372653
2.106541
2.606929
1.682205
2.511130
2.063973
3.644206
2.672606
3.230648
2.287999
1.682205
2.511130
2.409986
2.962815
2.811077
3.230648
2.287999
3.035751
2.114692
2.779334
2.450888
2.720940
3.583295
2.303159
2.577836
2.114692
2.301192
2.617020
2.720940
3.309858
2.303159
3.004618
2.771107
2.881282
2.533182
3.277096
3.526115
3.264392
3.301400
2.771107
2.881282
2.533182
2.656774
3.066294
3.264392
2.664009
2.270810
2.881282
3.583892
2.656774
2.785512
3.264392
2.014666
2.753222
2.383586
2.643362
2.656774
2.785512
2.525696
2.304521
2.633479
2.570510
2.643362
2.656774
3.169088
2.973446
3.292925
2.393587
2.570510
3.675348
2.656774
3.693132
2.973446
2.989515
2.953268
1.815199
3.675348
3.123748
3.041635
2.916898
2.821997
3.674257
2.776607
2.260178
3.120782
3.041635
2.916898
2.593651
2.462689
2.776607
2.964415
3.218730
3.472533
2.602786
2.593651
2.942307
2.776607
2.613656
2.535739
3.348475
2.698494
2.593651
2.942307
2.450023
2.613656
2.571991
3.370110
2.433199
2.593651
2.942307
2.044916
2.613656
3.215824
2.807012
1.950840
3.215604
2.942307
2.959929
2.613656
2.899375
2.807012
2.768383
3.215604
2.942307
2.545772
2.974171
2.499218
3.144316
2.768383
2.333505
2.607754
2.545772
2.616103
2.460544
2.534187
2.768383
1.498256
2.607754
2.545772
3.484931
2.472448
2.534187
2.872729
2.317467
2.607754
2.190299
2.805810
2.472448
3.675426
3.838635
2.317467
2.564567
2.757341
2.805810
2.472448
3.438688
3.838635
2.317467
3.537274
3.263607
2.805810
2.472448
3.410557
3.007240
3.269606
3.537274
3.079421
2.805810
2.472448
3.909680
3.860474
2.197276
3.537274
3.057016
3.402237
2.472448
3.380833
3.860474
2.758601
2.556802
3.072146
3.402237
3.089584
3.955538
3.100702
2.758601
2.456426
3.072146
3.890869
3.036242
3.955538
3.100702
3.093984
2.653101
2.881627
3.066405
3.330237
3.295164
2.706541
3.093984
2.653101
2.881627
3.114733
3.330237
4.149204
3.228893
3.549696
2.653101
3.009472
3.114733
3.361228
4.149204
2.989147
3.549696
2.653101
2.146408
3.562277
3.130105
3.171815
3.210821
3.379603
2.218139
2.146408
3.185895
3.130105
3.983356
3.589130
2.523134
2.218139
2.947077
3.636336
3.606764
3.983356
3.146501
2.523134
2.407848
3.787964
4.678440
3.766628
3.711250
3.285709
3.040174
2.407848
3.787964
3.838613
3.897832
4.552872
3.285709
3.040174
3.906300
2.930513
2.658367
2.910938
4.480689
3.067556
2.894718
3.906300
2.930513
2.717039
2.693302
3.691860
3.067556
2.901336
3.395348
2.930513
3.447323
2.693302
3.709103
3.067556
3.728181
3.400669
2.991532
1.939320
2.693302
4.272899
3.374255
3.996550
3.400669
2.991532
1.939320
2.693302
4.073313
2.752393
3.601802
3.400669
3.381968
2.559833
3.097162
3.041061
2.333647
4.370085
3.372411
3.381968
2.559833
3.097162
3.575007
2.333647
3.149390
2.147500
3.381968
2.658188
2.841121
3.575007
2.665158
2.515583
2.147500
2.185900
3.359436
2.965079
2.702187
2.847418
2.202617
2.147500
1.771634
3.359436
2.707622
3.014216
2.099465
2.202617
2.618603
1.771634
2.209522
2.248940
3.230998
2.489861
2.202617
2.412963
1.771634
2.209522
2.720403
3.230998
2.489861
2.202617
2.380383
2.843590
1.961725
2.120643
3.230998
2.408401
2.721276
2.380383
2.535913
1.961725
2.300150
3.230998
2.663142
2.235952
2.305104
2.085706
1.961725
2.580701
2.714590
2.439385
2.235952
2.003659
2.857211
1.961725
2.543955
2.714590
1.846460
2.347728
2.003659
1.820095
1.845670
2.543955
1.984880
2.115059
2.171195
2.383921
1.980525
2.281426
2.027033
1.984880
2.115059
1.803989
1.758300
2.015951
2.281426
2.291422
2.494662
2.009751
1.965996
1.758300
1.897389
2.281426
1.706980
2.494662
2.270128
1.529599
2.056066
1.897389
2.281426
1.706980
2.494662
2.085674
1.529599
2.075594
1.678873
2.105424
2.192516
2.494662
1.924774
1.723508
1.571278
2.084379
2.105424
1.707279
2.055012
1.924774
1.996501
1.958018
1.638272
2.369730
1.647211
2.024677
1.832636
1.964776
1.794425
1.638272
1.618118
1.647211
1.683117
1.832636
1.964776
1.639525
1.638272
1.618118
1.500246
1.683117
1.463528
1.491796
1.639525
1.433694
1.830378
1.655551
1.697343
1.396111
1.422211
1.390211
1.433694
1.767003
1.522328
1.718786
1.566313
1.422211
1.393711
1.433694
1.644546
1.821798
1.718786
1.566313
1.422211
1.617510
1.433694
1.708519
1.889273
1.745393
1.541751
1.470690
1.703501
1.537727
2.147392
1.889273
1.951973
1.740548
1.470690
1.703501
1.888205
2.285270
1.889273
2.027521
2.196870
1.835432
2.016846
1.985938
2.188803
1.889273
2.459391
2.196870
2.068126
1.997563
1.913842
2.838888
1.654924
2.459391
2.196870
2.068126
1.989807
2.254191
2.237659
2.352434
2.482135
2.196870
2.068126
1.989807
1.629084
2.237659
1.577392
2.232337
2.196870
2.068126
2.119920
1.582459
2.347879
1.908278
2.177199
1.595078
2.068126
2.119920
1.693382
2.386601
1.908278
2.116215
1.952345
2.068126
2.340174
1.693382
2.090859
1.859082
1.746895
1.952345
1.904681
1.568371
1.693382
2.090859
1.859082
2.211383
1.952345
1.904681
1.708192
1.665546
1.868464
1.590596
2.221788
1.777431
1.904681
1.958135
1.665546
2.793718
2.231186
2.221788
1.912828
1.744299
1.958135
1.665546
2.027294
2.231186
2.368577
1.912828
1.749365
1.958135
1.725657
2.027294
2.231186
2.051516
1.912828
2.152834
1.852612
1.570528
2.251009
2.201919
2.818633
1.766535
1.781185
1.852612
1.570528
2.251009
2.417100
2.818633
1.766535
2.468877
1.841271
1.967531
2.251009
2.270480
2.191583
1.766535
1.779700
1.841271
1.920816
2.251009
2.270480
2.428261
1.766535
1.830823
1.841271
1.599256
2.743222
2.265468
2.298502
1.766535
1.361071
1.841271
1.996767
2.219384
1.595630
2.137219
1.766535
1.361071
1.765623
1.670863
2.219384
1.595630
2.222811
1.931714
1.361071
1.856775
1.930088
2.219384
1.595630
1.851162
1.683342
2.053947
1.866607
1.651863
2.091169
1.595630
2.139084
1.683342
1.789442
1.952314
2.329817
2.396536
1.897050
2.078318
1.683342
1.749341
1.952314
1.684969
2.226982
1.984937
2.078318
1.871917
2.150578
2.115178
1.571732
2.001060
1.943095
2.505658
2.409106
1.961913
2.115178
1.571732
2.001060
2.304319
1.911163
2.197880
1.961913
1.891323
1.921509
2.502105
2.266618
2.402794
2.197880
1.961913
1.891323
1.921509
2.502105
2.150372
2.421620
2.197880
1.903841
1.891323
1.921509
2.280123
1.950123
2.161806
2.197880
1.669237
1.891323
1.620981
2.430120
2.223471
2.347280
2.290504
1.669237
1.891323
2.063808
2.430120
1.940171
2.003983
1.883036
1.669237
2.203454
2.055119
2.434474
1.996677
2.003983
1.883036
2.025102
1.850091
2.816368
2.665195
2.174353
2.714575
1.883036
2.353622
2.067890
2.816368
2.665195
2.411163
2.041370
1.908981
2.353622
2.504755
2.360877
2.665195
2.411163
2.367905
2.239865
2.353622
2.652059
2.325873
2.665195
1.968838
2.367905
2.581889
2.685966
3.328738
3.110953
3.543364
1.968838
2.707349
2.581889
2.943338
3.328738
2.939497
3.749330
2.888551
2.707349
2.581889
2.991806
3.073975
2.907028
3.749330
2.614479
2.707349
2.773241
2.749378
3.073975
2.383799
3.677037
2.614479
2.647661
2.773241
2.439112
2.823114
2.292851
3.047580
3.446410
2.822563
2.773241
3.106026
2.132785
2.783802
3.824040
2.788776
3.718156
2.771986
3.106026
3.031353
2.783802
3.047111
2.788776
3.718156
3.266228
2.896532
2.983960
3.336312
2.653141
2.788776
3.689646
3.266228
2.362180
2.574573
2.933664
2.653141
2.788776
2.731767
2.446086
2.206279
2.883196
2.933664
2.653141
2.788776
2.813123
2.468652
2.779122
2.284477
2.933664
2.653141
2.788776
2.163206
2.142241
2.396953
2.715364
2.933664
3.663356
2.731839
2.163206
2.246235
1.415592
2.294765
2.972074
3.663356
1.898349
2.930435
2.246235
2.254606
2.294765
2.287073
3.663356
1.898349
3.548045
2.258458
2.404402
2.294765
1.801794
2.432129
1.898349
2.815168
2.176259
2.404402
2.294765
2.849677
2.432129
2.850904
2.815168
2.339394
2.037345
2.294765
2.849677
2.515838
2.543551
3.326530
2.571600
2.037345
2.305755
2.164724
2.515838
2.543551
3.062205
2.397701
2.199392
2.115491
2.556457
2.515838
2.863861
2.230822
2.397701
2.476125
2.083517
2.556457
2.866383
2.559022
2.230822
3.106302
2.169987
3.005119
2.556457
2.869817
2.538234
3.593338
3.106302
2.032479
2.738544
2.556457
2.869817
2.574021
2.877718
3.106302
1.787483
2.705498
1.961387
2.843442
2.574021
2.948217
3.106302
2.810569
2.787287
2.410752
2.843442
2.253665
2.948217
2.359069
2.060453
2.076318
2.194258
3.288407
2.253665
2.842677
2.359069
2.117458
2.516942
2.452058
2.309112
2.253665
2.229574
2.359069
1.879240
2.462189
2.084235
2.768837
2.253665
2.793236
2.365581
2.328532
2.462189
2.084235
2.768837
2.253665
2.793236
2.087128
2.289885
2.034614
2.343801
2.768837
2.074867
2.354682
2.291537
2.330218
2.034614
1.869612
2.768837
2.517880
2.167012
2.407072
2.395153
2.034614
1.869612
2.895523
2.196714
2.167012
2.299479
1.702927
2.058174
1.869612
2.277565
2.206342
2.167012
2.083017
1.702927
2.173079
1.518230
2.393146
2.206342
2.167012
2.083017
1.879876
1.914774
1.706120
1.895722
1.781721
2.167012
1.648964
2.098961
1.914774
1.794529
1.895722
1.648087
1.980477
1.782949
1.747364
1.835614
1.794529
1.895722
1.648087
2.104993
1.782949
2.055347
1.643950
1.794529
2.523226
2.152965
2.104993
2.422202
2.055347
1.976579
1.715118
2.980356
2.371218
2.317853
1.770864
2.055347
1.976579
1.715118
2.980356
2.143522
2.547815
2.050203
2.055347
1.976579
1.715118
2.600504
2.038856
2.547815
2.451909
2.013530
1.967658
1.715118
3.232009
2.267064
3.011573
2.451909
2.013530
1.967658
2.144771
3.043260
2.406914
2.386056
2.451909
1.893650
2.404167
2.503475
3.134920
2.406914
2.640483
2.445999
1.462601
2.404167
2.503475
2.104844
2.704924
2.803434
2.949526
2.473493
2.404167
2.503475
2.537561
2.115853
2.803434
2.418309
2.473493
2.404167
2.503475
2.972662
2.115853
2.803434
2.418309
2.324089
2.537142
2.503475
2.355483
2.115853
3.209459
2.418309
2.324089
2.608286
2.437713
2.134225
2.115853
3.209459
1.972145
2.149183
2.313641
2.437713
3.268909
2.115853
2.528540
2.023467
2.084263
2.313641
1.991708
2.517571
1.955434
2.282898
2.023467
1.858193
2.165228
1.991708
2.517571
2.012419
2.282898
2.023467
1.775100
1.622920
1.477051
2.517571
1.592378
2.243935
1.913884
1.775100
2.132012
2.084071
2.144859
1.592378
2.122424
1.735826
1.775100
2.096779
1.942574
2.362208
1.592378
2.182104
1.835819
1.775100
2.096779
1.800922
2.217319
1.592378
1.900636
1.835819
2.018763
1.776660
2.010932
2.217319
1.402950
1.664007
2.217499
1.611706
1.467585
1.529665
1.866005
1.993586
1.951288
2.217499
1.845614
1.784351
1.529665
1.866005
1.730692
2.116568
1.834595
1.839971
1.784351
1.491047
1.866005
2.302113
2.116568
1.919209
2.143493
1.784351
1.667081
2.765528
1.873263
2.746375
1.919209
2.143493
1.887435
2.258721
2.765528
1.873263
2.699158
2.096429
2.143493
1.887435
1.283705
2.325718
1.668013
2.699158
2.096429
1.737503
2.367140
1.944547
2.325718
2.626760
3.205551
2.539725
2.079195
2.202690
1.944547
2.894466
2.626760
3.031985
2.501778
1.951241
2.280194
1.781950
2.894466
2.626760
2.875512
2.296744
2.490580
2.652455
1.781950
3.192143
2.626760
2.385566
2.296744
2.490580
2.549561
2.297404
2.899028
2.683911
2.688276
2.296744
1.697966
2.787723
2.297404
2.899028
2.683911
2.945659
2.296744
2.388005
2.258502
2.151997
2.557270
2.683911
2.988883
2.484710
2.388005
2.290774
2.182801
2.557270
2.478213
2.571154
3.716677
3.460782
2.290774
2.873609
2.956620
2.872031
3.424285
3.716677
3.460782
2.980345
3.095137
2.956620
3.309540
3.563205
2.889657
3.460782
2.780989
3.095137
2.888874
3.309540
3.563205
2.792453
3.460782
2.556324
2.929769
2.888874
3.234752
3.563205
3.564656
3.460782
3.690488
2.929769
3.035672
3.462597
3.184533
3.564656
3.084412
3.690488
2.929769
3.761993
3.629587
2.831696
2.987011
3.084412
3.225148
2.929769
2.547221
3.629587
2.831696
3.145105
2.796147
2.614893
2.647621
2.547221
3.042282
2.807664
2.352484
2.796147
2.614893
2.693683
1.650185
3.010073
2.779008
3.083219
2.773729
2.614893
2.512216
1.889825
2.087197
2.779008
2.775821
2.214646
2.066236
2.512216
2.863639
2.087197
2.605146
2.452550
2.214646
2.384214
2.512216
2.926971
2.087197
2.940995
2.103926
2.092802
2.454373
2.512216
2.926971
2.087197
2.707442
2.193723
1.702491
2.280323
2.045140
2.160432
1.978901
2.434901
2.193723
1.600462
2.280323
2.513246
2.327808
2.030987
1.974480
2.193723
1.943661
2.280323
1.727954
1.430625
1.665896
1.974480
2.193723
1.325456
1.766270
1.727954
2.892705
1.829188
1.974480
2.193723
1.325456
1.925228
1.606142
2.225323
2.052511
2.185175
2.193723
1.953864
2.245519
1.588791
2.523548
1.900046
2.057460
2.193723
1.968936
1.984016
2.353465
2.523548
1.900046
2.678525
2.208851
2.459059
2.411744
1.979702
2.523548
2.676245
2.782680
2.060217
2.459059
2.440108
2.327534
2.352558
2.676245
2.977105
2.515935
2.783030
2.440108
1.708495
3.056420
2.676245
3.024805
2.133878
2.436691
2.151435
2.198223
2.765534
3.128004
2.293688
2.373114
2.096266
2.747063
2.198223
2.986536
2.551676
2.293688
2.373114
2.096266
2.490056
2.198223
2.524404
2.783987
2.826049
2.373114
2.096266
2.561931
2.144553
2.181010
2.096409
2.826049
2.459592
2.248704
2.197378
2.767515
3.176605
2.096409
2.826049
2.459592
2.110344
2.166637
2.189630
2.959647
1.846951
2.712834
2.459592
3.126662
2.166637
2.484707
2.959647
2.058768
2.461988
2.053697
2.556609
2.238288
2.484707
2.573706
2.058768
2.427574
1.973132
2.556609
2.024898
2.244562
2.409702
2.058768
1.964981
1.973132
1.695236
2.427132
1.989048
2.782573
2.216160
1.964981
1.940384
1.741445
1.817680
1.659560
2.480848
1.877553
1.754648
2.118610
1.741445
1.817680
1.396095
2.480848
1.877553
2.204392
1.605649
1.769366
2.022070
1.396095
2.458620
1.877553
1.831851
1.949521
1.545662
1.532865
1.970058
3.152155
1.877553
1.831851
1.949521
1.365298
1.511405
1.749108
2.356291
1.981675
1.831851
1.949521
1.365298
1.735157
1.531527
2.356291
1.981675
2.056005
2.157716
1.365298
2.481026
1.857115
1.903209
1.981675
2.147623
1.916768
2.096234
1.536892
1.857115
1.903209
1.945239
1.793675
1.840191
1.733379
1.346483
1.857115
2.021479
1.945239
1.793675
1.893046
2.014254
1.670572
1.857115
2.021479
1.837485
2.423101
1.893046
1.677353
1.948137
1.857115
1.913662
1.837485
2.181588
1.696386
1.434073
1.948137
1.857115
1.720801
2.127132
1.972653
2.092300
1.434073
1.547356
1.857115
1.720801
1.296994
1.981852
2.092300
1.434073
1.798453
1.663970
2.455893
1.724607
1.987417
1.860622
1.434073
1.798453
1.663970
2.455893
1.724607
2.440872
2.198293
1.430071
1.798453
2.253641
2.258819
2.181143
2.101561
1.603951
1.875469
1.798453
2.206044
2.129211
2.100746
2.101561
2.270611
1.875469
1.715685
1.819988
2.129211
1.766784
1.786476
2.270611
2.154769
1.827917
1.996489
2.129211
2.087398
2.540947
1.795998
2.154769
2.177925
1.996489
2.129211
1.493874
2.234597
1.802126
1.694917
1.726542
1.996489
2.150043
1.493874
1.969241
1.435417
1.694917
1.590449
1.757936
2.486703
1.638824
2.147959
1.795641
1.694917
1.590449
1.757936
2.486703
1.713416
2.067966
1.878609
1.694917
1.775827
1.757936
2.065378
1.713416
2.043330
1.878609
2.060011
2.189258
1.692535
2.065378
1.713416
2.187988
2.152803
2.077002
2.189258
2.045736
1.804835
2.711137
2.187988
2.152803
2.654933
2.189258
2.181828
2.856078
2.711137
3.338265
2.152803
2.764735
2.922884
2.642323
2.856078
2.711137
3.206695
2.152803
2.486989
2.922884
2.305045
2.856078
2.213271
3.138542
2.393333
2.903254
2.396146
2.305045
2.518145
2.176891
2.812590
2.393333
2.362210
2.500908
2.305045
2.681137
2.486144
2.700717
2.393333
1.969903
1.756444
2.305045
2.681137
2.237111
2.430152
2.393333
1.938792
2.206507
2.305045
2.681137
2.237111
2.144126
2.393333
1.841039
2.206507
2.350142
2.096801
2.372209
2.436700
2.393333
1.841039
2.130427
2.373134
2.096801
1.820286
2.371247
1.848206
2.061419
2.130427
1.913625
2.096801
2.109187
1.713456
1.848206
1.928541
1.944145
1.892248
2.096801
2.109187
1.713456
1.731364
1.586857
1.944145
1.766438
2.135396
1.666763
1.945874
1.977770
1.586857
1.944145
2.165679
1.838656
1.907202
2.060321
1.977770
1.586375
2.175408
2.054847
1.838656
1.883329
2.060321
1.611169
1.586375
1.691448
1.325577
2.550936
1.889636
2.060321
1.643385
1.586375
1.625113
1.608831
2.550936
1.889636
1.964408
1.643385
1.586375
1.540351
2.384245
2.550936
1.889636
1.964408
2.282325
2.401735
2.548148
2.440388
2.550936
1.889636
1.881309
2.192089
1.998161
1.607311
2.162985
3.065166
2.294174
2.130684
1.741248
1.998161
2.027174
2.162985
1.790847
2.294174
2.485867
2.111949
2.499298
2.610810
2.501789
1.790847
2.294174
2.198448
2.133023
2.177509
2.251653
2.005221
1.790847
1.685605
2.139770
2.133023
1.917594
1.842847
1.488498
1.790847
1.747957
2.263790
1.855152
1.472437
1.842847
1.480444
1.790847
2.000569
2.110217
1.855152
1.333651
2.127155
1.635370
1.790847
1.523171
2.179749
1.837213
2.104646
1.662183
2.022923
2.401063
1.787660
2.179749
2.526901
2.104646
1.682396
2.121593
2.552448
1.787660
2.366409
2.282152
2.104646
1.709345
1.649517
1.826719
1.787660
1.578267
2.171146
2.104646
2.143397
1.680217
2.124894
1.787660
2.463884
2.018722
2.104646
2.095052
1.460921
2.392707
2.051408
2.345426
2.018722
2.104646
2.138463
1.676210
2.166163
2.051408
2.775494
2.369465
1.811504
2.138463
2.034660
2.190282
2.199803
2.473360
2.011837
1.811504
1.954223
2.034660
2.190282
2.361282
2.302979
2.311085
1.868146
1.954223
1.665898
2.300449
2.163157
2.302979
2.230245
2.000035
1.954223
1.939942
2.300449
2.163157
2.678248
1.660965
2.088660
2.003840
2.283208
2.300449
2.541033
2.832269
1.947377
2.603073
2.279162
2.150777
2.300449
2.331395
2.832269
2.328828
2.422812
2.077175
1.620878
2.847791
2.331395
2.841395
2.328828
2.630674
1.983570
1.597693
2.427468
2.399987
2.841395
2.160250
2.244072
1.983570
2.060317
2.427468
2.265811
2.658346
2.084635
1.642092
1.983570
2.060317
2.391158
2.265811
2.705039
2.006746
1.642092
1.983570
2.060317
2.391158
2.265811
2.560838
2.006746
2.593520
2.637986
1.792321
2.669304
1.955260
2.390447
1.919341
1.447059
2.637986
2.301995
2.669304
2.413933
2.034531
2.452763
1.447059
2.637986
2.101900
2.135879
2.413933
2.034531
2.452763
2.047431
2.053376
2.345742
2.533166
2.337076
2.784734
2.452763
2.209074
2.053376
2.137526
2.313755
2.055991
2.099511
1.840473
2.209074
2.053376
2.467397
2.313755
1.959863
2.270999
1.988369
1.878430
2.217940
2.077416
2.317739
1.959863
1.898947
2.217579
1.971399
2.217940
1.522070
2.367677
1.959863
1.898947
2.223695
1.437333
2.240570
1.522070
1.830284
1.543646
1.898947
1.643276
1.437333
1.442718
1.447904
2.273321
1.200151
1.898947
1.643276
1.412983
1.547257
1.817047
1.872777
1.200151
1.753278
1.672423
1.412983
1.547257
1.407582
1.994439
1.694392
1.719422
1.672423
1.412983
1.715096
1.253326
1.830473
1.694392
1.888866
1.672423
1.546443
1.482384
1.527204
1.830473
1.787033
1.645542
1.610217
1.696582
1.477496
1.527204
1.830473
1.787033
1.883494
1.672472
1.680895
1.477496
1.527204
2.264699
1.492893
1.560660
1.672472
1.680895
1.825643
1.692858
2.264699
1.492893
1.560660
1.802909
1.219395
1.683531
1.620747
2.264699
1.736835
1.560660
1.671659
1.620925
1.683531
1.563056
2.126971
1.736835
1.560660
1.370232
1.135648
1.683531
1.271611
2.040907
1.736835
2.064837
1.765663
1.135648
1.509824
1.271611
2.217204
1.764421
1.573067
1.838727
1.766070
1.481080
1.271611
1.853800
1.764421
1.573067
1.636232
1.449977
1.527009
1.271611
1.896807
1.764421
1.665520
1.576762
1.531298
1.582884
1.271611
1.372897
1.494480
1.786811
1.576762
1.584031
1.582884
1.545678
1.372897
1.635390
1.786811
1.828837
1.637008
1.526460
1.524047
2.031132
1.632802
1.786811
1.674075
1.666864
1.526460
1.971904
1.571822
1.662480
1.684044
1.808412
1.666864
1.613485
1.971904
1.571822
1.662480
1.911218
1.808412
1.801462
1.865467
1.481636
1.485549
1.766892
1.911218
1.808412
1.801462
1.407813
1.742325
1.761719
1.644831
1.984741
1.808412
1.483377
1.513365
1.742325
2.286978
2.161754
1.737766
1.808412
1.484570
1.513365
1.573043
1.622093
2.192909
2.300198
1.808412
1.920669
1.513365
2.178062
2.152717
2.389032
2.462514
1.808412
1.826085
1.513365
1.910784
2.176137
2.389032
2.525283
2.178441
2.133285
2.241472
1.888231
2.416867
1.990340
2.146695
1.790029
2.082106
2.241472
2.363955
2.416867
2.013066
2.286918
1.790029
2.116504
2.241472
1.957833
2.416867
2.213367
2.308421
1.934133
2.483588
1.811437
1.957833
2.514087
2.101595
2.308421
2.499376
2.066509
2.305396
1.957833
2.316068
2.461745
2.308421
2.158551
2.066509
2.383429
2.562007
2.605686
2.218440
2.308421
2.158551
2.406117
2.356076
2.562007
2.297665
2.218440
2.922355
1.934619
2.406117
2.163433
2.504050
2.570183
2.024202
2.922355
1.934619
1.847681
2.184765
2.504050
2.570183
2.116735
2.547473
1.840752
1.736972
1.585542
2.504050
2.570183
2.140922
1.931474
2.126876
2.010130
1.882989
1.679183
1.918425
2.140922
1.995449
2.126876
2.010130
2.305815
1.909816
2.049069
1.587602
1.995449
2.126876
1.386160
2.305815
1.909816
2.049069
1.587602
2.543356
2.278516
2.001988
2.305815
2.249455
2.049069
1.587602
1.951107
2.278516
2.001988
1.720617
2.049894
2.049069
1.601251
1.951107
1.787415
1.548534
1.660900
1.918032
1.920336
1.550406
1.898781
1.825131
1.548534
1.649661
1.598252
2.512467
1.600545
1.898781
1.825131
1.560251
1.928944
1.971239
1.698952
2.163758
1.873618
1.825131
1.555801
1.928944
1.668174
1.698952
1.832899
2.388876
2.092948
1.555801
1.748695
1.668174
1.860112
1.832899
1.952988
2.092948
2.074716
1.748695
1.766672
2.363862
1.832899
2.182468
1.602082
1.811088
2.305944
1.766672
1.796992
1.960213
1.871975
1.602082
1.811088
1.670688
1.766672
1.951019
1.576410
1.751106
1.602082
2.025079
1.541935
1.766672
1.951019
1.449504
2.472822
2.063722
2.025079
1.836370
1.565520
2.114078
1.773912
2.398684
2.063722
1.811744
1.836370
1.565520
2.140953
1.534416
1.948565
1.184970
1.811744
1.836370
1.962455
1.986803
1.938628
2.126688
1.184970
1.811744
1.836370
1.642014
2.334225
1.938628
2.126688
2.064537
1.937944
1.799490
1.698550
1.943764
1.937820
2.316939
2.064537
1.732184
1.639787
1.698550
1.943764
1.937820
2.187239
1.951025
1.732184
1.635421
1.597578
2.104708
1.937820
1.632280
1.488371
1.732184
2.077250
1.597578
2.112579
1.984728
1.829381
1.488371
1.983720
1.739239
1.888001
2.112579
2.244639
2.275688
2.069400
1.983720
2.016241
1.520256
1.808638
2.244639
2.524910
2.333072
2.512220
2.016241
1.520256
2.861431
2.027104
2.524910
2.167593
2.512220
2.016241
1.520256
2.111379
2.116100
2.282304
2.142130
2.512220
1.927193
1.919994
2.789734
2.331854
2.282304
2.445143
1.916877
1.927193
1.919994
2.789734
2.227397
1.788090
1.605550
1.987355
1.524128
1.919994
1.881375
1.919118
1.773510
1.605550
2.124712
2.186814
1.600831
1.866566
1.921814
1.773510
1.605550
1.946341
2.186814
1.422615
1.891889
1.921814
2.141649
1.931183
2.099953
1.796147
2.001809
1.891889
1.849643
2.141649
2.039042
2.521052
1.983782
2.001809
2.054072
2.003892
2.517505
2.054657
2.521052
1.846470
2.001809
2.128699
2.003892
2.712765
1.963408
2.521052
2.074236
2.289644
2.128699
2.003892
2.712765
2.389737
2.521052
2.227232
2.162946
2.164050
2.294915
2.634602
2.389737
2.521052
2.019144
2.162946
2.522381
2.189854
2.634602
1.547477
2.521052
2.565812
2.087916
2.463622
2.189854
2.721414
2.198172
2.521052
2.743547
2.547195
2.463622
2.621748
2.214158
2.136308
1.993164
1.733908
1.761587
1.773376
2.282808
2.214158
1.991757
1.993164
1.733908
2.181683
1.773052
1.779573
2.214158
1.814348
1.768770
1.733908
2.181683
1.773052
1.779573
2.163358
1.814348
1.985619
1.733908
2.181683
2.215666
1.815321
2.163358
1.814348
1.985619
1.851818
1.490793
2.215666
1.679840
2.163358
1.766784
1.422100
2.090934
1.490793
2.186186
2.145134
2.070808
1.766784
1.731528
2.090934
1.966118
2.618175
2.145134
2.230082
1.766784
1.814626
1.864626
1.604477
2.618175
2.145134
2.086141
1.829292
2.334092
1.864626
1.779179
2.136065
1.920430
2.086141
1.998767
2.334092
2.279484
1.779179
2.136065
1.760408
2.134792
1.835950
1.751383
1.584666
1.598840
1.635734
1.799564
2.134792
1.835950
1.659714
1.361791
1.535403
1.635734
1.799564
2.134792
1.634216
1.661166
1.404036
1.574575
1.957866
1.907173
2.134792
1.835791
1.588763
1.672328
1.822380
1.957866
1.907173
2.247201
1.835791
1.983611
2.024680
1.719775
3.154419
1.907173
2.247201
1.835791
2.208180
2.306447
1.671896
3.154419
2.610553
2.681152
3.103459
2.403149
2.306447
1.671896
3.154419
3.111802
3.066037
3.103459
2.107429
2.389648
1.774059
2.653622
3.110424
3.066037
3.103459
2.107429
2.389648
2.360665
3.724814
2.925108
3.129925
3.103459
2.107429
2.703401
3.000792
3.955658
2.925108
2.977705
3.103459
2.868121
2.703401
2.492236
2.585069
3.717062
4.000193
3.103459
2.868121
2.902299
2.704626
2.886308
2.614042
3.923640
3.103459
2.868121
2.902299
2.704626
2.755372
2.816426
4.212659
3.103459
2.868121
3.050522
2.704626
3.598114
3.423960
4.212659
3.103459
2.940799
4.083439
2.323737
3.728025
3.485186
4.212659
3.927497
2.940799
4.083439
3.088428
2.585212
3.485186
3.671788
3.927497
2.940799
3.061710
2.626067
3.535969
4.066281
3.747655
3.079415
2.940799
3.687489
2.626067
4.082699
4.066281
4.596140
4.074200
3.393446
3.687489
3.133683
4.082699
3.678002
4.596140
4.074200
2.676407
3.439429
3.133683
3.059518
3.839183
3.899244
4.074200
3.754584
3.439429
3.453377
4.608070
3.393519
3.899244
4.074200
1.908662
3.313991
3.453377
4.608070
4.666815
3.899244
4.074200
2.372658
3.621886
3.120623
4.770979
2.937570
3.899244
4.028523
3.431589
4.014447
3.227212
4.188418
2.937570
4.211509
4.028523
3.431589
3.510032
3.026922
3.796922
3.950671
4.528393
4.028523
3.010283
3.615759
2.370666
3.796922
3.427305
3.711475
3.368239
3.802369
2.759179
1.947342
3.615276
3.427305
3.711475
3.144023
3.081917
3.414599
1.947342
3.615276
3.427305
3.028915
3.019116
2.409884
3.101843
1.947342
2.840496
3.427305
3.106979
3.330520
2.409884
3.035834
2.404605
2.840496
3.392140
3.042787
3.330520
2.409884
3.242013
2.747537
2.840496
2.457635
3.282583
2.489039
2.401420
3.093509
2.047310
3.367205
2.219030
2.778694
2.489039
2.450866
2.688421
2.047310
2.634627
2.284279
2.778694
2.636084
2.450866
2.688421
2.071960
2.998160
2.768230
2.778694
2.636084
2.450866
2.688421
2.765971
2.998160
2.081889
2.778694
2.288061
2.450866
2.688421
2.590955
2.998160
2.081889
2.894551
2.829310
2.450866
2.845810
2.541440
2.716067
2.081889
2.751085
2.803837
2.143269
2.845810
2.541440
2.517701
2.081889
1.972071
2.158888
2.315033
2.693633
2.781740
2.290393
1.947341
2.565911
2.158888
2.099552
2.300714
2.781740
1.839427
2.402712
2.565911
2.148792
2.099552
2.121965
2.248941
2.324921
2.249332
2.378610
2.010886
1.972450
2.121965
2.248941
2.031543
2.249332
2.378610
1.937228
1.972450
1.680266
1.938562
2.031543
2.481719
2.631798
1.847510
2.138149
1.789719
1.938562
2.621046
2.481719
2.197213
1.847510
1.972673
2.241068
1.836876
2.116025
2.481719
2.345882
1.847510
2.350744
2.241068
2.561756
2.489479
2.481719
2.673780
2.250069
2.700144
2.228402
2.287127
2.489479
2.481719
3.570381
3.307816
2.770870
2.604442
2.373122
2.499393
1.891811
2.757760
2.217141
2.201844
2.604442
2.374913
2.473511
2.769698
2.757760
2.330416
2.171000
2.604442
2.020283
2.656870
2.132580
2.739992
2.330416
2.171000
2.647095
2.097747
2.411865
2.132580
2.648986
2.111102
2.171000
2.192906
2.068782
2.588937
2.132580
2.433992
2.111102
1.793322
2.016668
1.987881
2.269133
2.285213
2.476669
2.064571
1.793322
2.050441
2.059947
2.190191
2.285213
2.476669
1.907957
1.793322
2.050441
1.713271
2.307767
1.838741
2.476669
1.907957
2.068305
1.786408
1.713271
1.554109
1.521707
2.244007
1.907957
2.321257
1.906930
1.771226
1.709316
1.521707
2.244007
2.023944
1.534015
2.068175
2.190767
1.874389
1.470069
2.116952
1.982456
2.006166
2.068175
2.046718
2.791186
1.793315
1.954914
1.385003
2.006166
2.068175
2.046718
1.289120
1.793315
1.954914
1.906729
2.006166
1.968498
1.837326
2.004525
1.953268
2.382035
1.906729
2.006166
1.728502
1.837326
2.060529
1.953268
1.913667
2.133624
1.582400
1.728502
1.610935
1.886316
1.689570
1.913667
1.737029
2.012515
1.728502
1.953438
1.856396
1.693371
1.657657
1.737029
1.846864
2.198242
1.770212
1.856396
1.494606
1.532692
1.737029
1.653412
1.470540
1.556438
1.856396
1.598823
1.532692
1.796502
1.709921
1.592359
1.479198
1.696664
1.489986
1.639009
1.796502
1.709921
1.842206
1.594796
1.696664
1.676994
1.639009
1.630978
1.808201
1.666541
1.508498
1.847557
1.676994
2.318144
1.818581
1.808201
1.561598
1.923993
1.847557
1.676994
2.226464
2.364780
2.047709
1.561598
1.655967
2.402179
1.676994
2.212169
1.777719
2.022604
1.866136
2.054028
2.012153
1.676994
1.351809
1.777719
2.022604
1.464772
1.735073
1.951030
1.676994
1.782161
1.777719
1.486079
1.574465
1.735073
2.030301
1.767398
1.840962
1.777719
1.486079
1.535454
1.464642
1.813266
1.816564
1.840962
1.338800
1.486079
1.535454
1.742308
1.746863
1.839426
1.840962
1.823251
1.486079
1.492741
1.283928
2.200055
1.839426
1.990622
1.552165
1.481725
1.448252
1.283928
2.200055
1.745612
1.990622
1.372604
1.542296
1.448252
1.774628
2.045325
1.902675
1.658781
1.372604
1.542296
1.856144
1.479170
2.045325
2.009265
1.658781
1.745091
1.420875
1.784494
1.479170
2.150284
1.756644
1.807805
1.516651
1.420875
1.851717
1.552465
1.538400
1.599545
1.807805
1.516651
1.780967
1.633221
1.552465
2.211111
1.599545
2.119300
1.516651
1.660457
1.489070
1.552465
2.166013
1.902989
1.837125
2.075856
1.660457
1.489070
1.585792
2.101716
1.902989
2.234373
1.564672
1.358804
1.734515
1.585792
1.937519
1.777663
2.160345
1.564672
1.358804
1.871013
1.564934
2.121267
1.871208
2.486482
1.564672
1.810811
1.871013
1.692237
2.121267
1.691159
2.486482
1.816559
1.810811
1.871013
1.552593
1.858292
2.228213
1.795739
1.872332
1.810811
1.961647
1.552593
2.105829
2.281073
2.443272
2.109878
1.810811
1.961647
1.552593
2.105829
1.788628
2.103936
1.825925
1.993644
1.961647
2.470314
1.706664
1.788628
2.103936
1.534798
2.173816
2.257139
2.112143
2.129037
1.529445
2.590303
1.991144
2.173816
2.021555
2.093207
2.129037
1.529445
1.906978
2.059100
2.206170
1.463622
2.093207
2.129037
1.679963
1.893064
2.059100
2.206170
1.463622
1.779739
2.394129
1.829155
2.495140
1.924046
2.206170
1.463622
1.779739
2.123255
1.829155
2.329880
1.924046
2.206170
2.280504
2.122103
1.961387
1.829155
2.615973
1.924046
2.103073
2.188519
2.122103
1.961387
1.829155
2.615973
2.222088
2.252868
2.202462
2.122103
2.722074
2.558427
2.269612
2.175643
2.252868
2.202462
2.122103
2.162665
2.617225
3.359824
2.175643
2.559593
2.285945
2.114760
2.162665
2.363331
2.333271
2.175643
2.990070
2.368608
2.344831
2.162665
2.230222
2.229461
2.707002
2.990070
2.234726
2.344831
2.757716
2.842231
2.916681
2.707002
2.990070
2.234726
1.862721
2.757716
2.504537
2.732697
2.707002
2.110296
2.234726
2.589805
2.757716
2.337483
2.732697
2.078574
2.110296
2.234726
2.589805
2.076784
2.337483
2.484597
2.279723
2.110296
2.234726
1.561767
