1.000000
0.243942
0.165098
0.839666
0.085113
0.126344
0.137649
0.579606
0.653689
0.163014
0.648914
0.145411
0.096333
0.088469
0.156938
0.190556
0.058826
0.415628
0.055898
0.097007
0.150341
0.505906
0.271251
0.845715
0.325163
0.380084
0.534901
0.924193
0.192634
0.210438
0.243942
1.000000
0.148611
0.165354
0.570060
0.502261
0.474164
0.654304
0.460798
0.717352
0.395438
0.726861
0.391546
0.222738
0.311662
0.911459
0.209570
0.157851
0.460623
0.178322
0.089734
0.088353
0.116478
0.413543
0.059449
0.385398
0.619150
0.194935
0.093857
0.290715
0.165098
0.148611
1.000000
0.089482
0.073068
0.256833
0.087202
0.145188
0.312824
0.153771
0.333942
0.102527
0.291143
0.555646
0.246227
0.172854
0.252349
0.535528
0.062346
0.331635
0.861512
0.271346
0.753096
0.179393
0.289330
0.638193
0.274721
0.164716
0.769630
0.689574
0.839666
0.165354
0.089482
1.000000
0.064976
0.083291
0.120810
0.430314
0.395433
0.119033
0.482316
0.112034
0.060248
0.049991
0.121034
0.127666
0.038014
0.290547
0.040831
0.068313
0.080841
0.410214
0.163919
0.703578
0.213032
0.230249
0.388948
0.875515
0.118273
0.128564
0.085113
0.570060
0.073068
0.064976
1.000000
0.572724
0.738377
0.250608
0.150960
0.817313
0.193132
0.908768
0.451047
0.187812
0.370222
0.703423
0.298310
0.075215
0.930797
0.208726
0.037730
0.034169
0.050095
0.172034
0.017946
0.191643
0.321652
0.076340
0.046096
0.194268
0.126344
0.502261
0.256833
0.083291
0.572724
1.000000
0.554814
0.255704
0.248166
0.800473
0.349805
0.629919
0.939704
0.584584
0.712495
0.697829
0.716331
0.209534
0.531285
0.572231
0.138578
0.084948
0.165641
0.225092
0.050305
0.473336
0.471186
0.121747
0.166347
0.572200
0.137649
0.474164
0.087202
0.120810
0.738377
0.554814
1.000000
0.291849
0.178815
0.796101
0.309360
0.825410
0.411232
0.184771
0.571014
0.576531
0.306899
0.128273
0.579548
0.299374
0.047151
0.064195
0.074120
0.267414
0.027878
0.247196
0.446342
0.138992
0.069571
0.246819
0.579606
0.654304
0.145188
0.430314
0.250608
0.255704
0.291849
1.000000
0.728414
0.385218
0.571703
0.384226
0.189493
0.129830
0.216637
0.494394
0.101095
0.236056
0.176508
0.117831
0.105082
0.189039
0.160648
0.780320
0.127927
0.403062
0.724009
0.454630
0.116854
0.238001
0.653689
0.460798
0.312824
0.395433
0.150960
0.248166
0.178815
0.728414
1.000000
0.280367
0.675142
0.238562
0.206048
0.199949
0.214649
0.376471
0.117109
0.420159
0.110233
0.148350
0.258210
0.337478
0.353751
0.706081
0.295329
0.626968
0.687176
0.522186
0.255838
0.368481
0.163014
0.717352
0.153771
0.119033
0.817313
0.800473
0.796101
0.385218
0.280367
1.000000
0.375329
0.935377
0.633878
0.318137
0.587948
0.882640
0.416842
0.166498
0.685897
0.351225
0.083905
0.077753
0.113750
0.305932
0.042113
0.382357
0.564279
0.150678
0.104378
0.376136
0.648914
0.395438
0.333942
0.482316
0.193132
0.349805
0.309360
0.571703
0.675142
0.375329
1.000000
0.305412
0.282581
0.254638
0.444762
0.382206
0.195124
0.654663
0.135686
0.304507
0.250784
0.464038
0.425086
0.804599
0.255727
0.750290
0.878694
0.669684
0.349976
0.529960
0.145411
0.726861
0.102527
0.112034
0.908768
0.629919
0.825410
0.384226
0.238562
0.935377
0.305412
1.000000
0.477585
0.216780
0.452729
0.838162
0.301557
0.119422
0.750190
0.245974
0.055576
0.058647
0.077719
0.281062
0.030820
0.280859
0.486830
0.131007
0.069265
0.260855
0.096333
0.391546
0.291143
0.060248
0.451047
0.939704
0.411232
0.189493
0.206048
0.633878
0.282581
0.477585
1.000000
0.717798
0.633925
0.564983
0.833622
0.194490
0.445272
0.608809
0.156535
0.074027
0.169716
0.167728
0.047241
0.443322
0.368046
0.093101
0.178151
0.594131
0.088469
0.222738
0.555646
0.049991
0.187812
0.584584
0.184771
0.129830
0.199949
0.318137
0.254638
0.216780
0.717798
1.000000
0.445638
0.311606
0.696464
0.268431
0.183448
0.607149
0.332928
0.101370
0.300377
0.130921
0.080471
0.509353
0.274417
0.087470
0.337037
0.749302
0.156938
0.311662
0.246227
0.121034
0.370222
0.712495
0.571014
0.216637
0.214649
0.587948
0.444762
0.452729
0.633925
0.445638
1.000000
0.425604
0.617160
0.312624
0.304457
0.787958
0.140951
0.137254
0.207504
0.263940
0.063618
0.474139
0.488448
0.176602
0.220882
0.593856
0.190556
0.911459
0.172854
0.127666
0.703423
0.697829
0.576531
0.494394
0.376471
0.882640
0.382206
0.838162
0.564983
0.311606
0.425604
1.000000
0.325658
0.165694
0.598740
0.260808
0.098486
0.081530
0.123968
0.339572
0.052057
0.416765
0.594165
0.161228
0.106917
0.364422
0.058826
0.209570
0.252349
0.038014
0.298310
0.716331
0.306899
0.101095
0.117109
0.416842
0.195124
0.301557
0.833622
0.696464
0.617160
0.325658
1.000000
0.163708
0.305309
0.754761
0.135064
0.058091
0.144654
0.101919
0.034437
0.319104
0.232655
0.061708
0.169545
0.515774
0.415628
0.157851
0.535528
0.290547
0.075215
0.209534
0.128273
0.236056
0.420159
0.166498
0.654663
0.119422
0.194490
0.268431
0.312624
0.165694
0.163708
1.000000
0.054748
0.309755
0.494949
0.718562
0.810770
0.403391
0.458978
0.671934
0.442287
0.484448
0.738488
0.559912
0.055898
0.460623
0.062346
0.040831
0.930797
0.531285
0.579548
0.176508
0.110233
0.685897
0.135686
0.750190
0.445272
0.183448
0.304457
0.598740
0.305309
0.054748
1.000000
0.185741
0.031292
0.023148
0.038589
0.115043
0.012713
0.150206
0.231224
0.049497
0.036444
0.163627
0.097007
0.178322
0.331635
0.068313
0.208726
0.572231
0.299374
0.117831
0.148350
0.351225
0.304507
0.245974
0.608809
0.607149
0.787958
0.260808
0.754761
0.309755
0.185741
1.000000
0.195088
0.121953
0.248001
0.151693
0.063803
0.425734
0.300743
0.112424
0.297463
0.660947
0.150341
0.089734
0.861512
0.080841
0.037730
0.138578
0.047151
0.105082
0.258210
0.083905
0.250784
0.055576
0.156535
0.332928
0.140951
0.098486
0.135064
0.494949
0.031292
0.195088
1.000000
0.307292
0.806428
0.139952
0.410456
0.458368
0.186036
0.150853
0.795095
0.449235
0.505906
0.088353
0.271346
0.410214
0.034169
0.084948
0.064195
0.189039
0.337478
0.077753
0.464038
0.058647
0.074027
0.101370
0.137254
0.081530
0.058091
0.718562
0.023148
0.121953
0.307292
1.000000
0.558685
0.369379
0.655239
0.358853
0.281342
0.611035
0.452942
0.245869
0.271251
0.116478
0.753096
0.163919
0.050095
0.165641
0.074120
0.160648
0.353751
0.113750
0.425086
0.077719
0.169716
0.300377
0.207504
0.123968
0.144654
0.810770
0.038589
0.248001
0.806428
0.558685
1.000000
0.247502
0.544604
0.596386
0.292314
0.293298
0.931270
0.528940
0.845715
0.413543
0.179393
0.703578
0.172034
0.225092
0.267414
0.780320
0.706081
0.305932
0.804599
0.281062
0.167728
0.130921
0.263940
0.339572
0.101919
0.403391
0.115043
0.151693
0.139952
0.369379
0.247502
1.000000
0.208916
0.477263
0.784613
0.781731
0.184979
0.285963
0.325163
0.059449
0.289330
0.213032
0.017946
0.050305
0.027878
0.127927
0.295329
0.042113
0.255727
0.030820
0.047241
0.080471
0.063618
0.052057
0.034437
0.458978
0.012713
0.063803
0.410456
0.655239
0.544604
0.208916
1.000000
0.263494
0.160795
0.330663
0.411360
0.171063
0.380084
0.385398
0.638193
0.230249
0.191643
0.473336
0.247196
0.403062
0.626968
0.382357
0.750290
0.280859
0.443322
0.509353
0.474139
0.416765
0.319104
0.671934
0.150206
0.425734
0.458368
0.358853
0.596386
0.477263
0.263494
1.000000
0.698859
0.370185
0.527824
0.841052
0.534901
0.619150
0.274721
0.388948
0.321652
0.471186
0.446342
0.724009
0.687176
0.564279
0.878694
0.486830
0.368046
0.274417
0.488448
0.594165
0.232655
0.442287
0.231224
0.300743
0.186036
0.281342
0.292314
0.784613
0.160795
0.698859
1.000000
0.502530
0.239463
0.501625
0.924193
0.194935
0.164716
0.875515
0.076340
0.121747
0.138992
0.454630
0.522186
0.150678
0.669684
0.131007
0.093101
0.087470
0.176602
0.161228
0.061708
0.484448
0.049497
0.112424
0.150853
0.611035
0.293298
0.781731
0.330663
0.370185
0.502530
1.000000
0.218027
0.218205
0.192634
0.093857
0.769630
0.118273
0.046096
0.166347
0.069571
0.116854
0.255838
0.104378
0.349976
0.069265
0.178151
0.337037
0.220882
0.106917
0.169545
0.738488
0.036444
0.297463
0.795095
0.452942
0.931270
0.184979
0.411360
0.527824
0.239463
0.218027
1.000000
0.546689
0.210438
0.290715
0.689574
0.128564
0.194268
0.572200
0.246819
0.238001
0.368481
0.376136
0.529960
0.260855
0.594131
0.749302
0.593856
0.364422
0.515774
0.559912
0.163627
0.660947
0.449235
0.245869
0.528940
0.285963
0.171063
0.841052
0.501625
0.218205
0.546689
1.000000
