-0.983192
0.000000
-0.000000
-0.000000
-0.000000
-0.000000
-0.000000
-0.000000
-0.000000
-0.000000
-0.000000
-0.000000
-0.000000
-0.000000
-0.000000
-0.000000
-0.000000
-0.000000
-0.000000
-0.000000
-0.000000
-0.000000
-0.000000
-0.000000
-0.000000
-0.000000
-0.000000
-0.000000
-0.000000
0.033903
-0.982607
-0.000000
0.000000
0.000000
-0.000000
-0.000000
-0.000000
-0.000000
-0.000000
-0.000000
-0.000000
-0.000000
-0.000000
-0.000000
-0.000000
-0.000000
-0.000000
-0.000000
-0.000000
-0.000000
-0.000000
-0.000000
-0.000000
-0.000000
-0.000000
-0.000000
-0.000000
-0.000000
0.033903
0.035093
-0.981981
-0.000000
-0.000000
-0.000000
-0.000000
-0.000000
-0.000000
-0.000000
-0.000000
-0.000000
-0.000000
-0.000000
-0.000000
-0.000000
-0.000000
-0.000000
-0.000000
-0.000000
-0.000000
-0.000000
-0.000000
-0.000000
-0.000000
-0.000000
-0.000000
-0.000000
-0.000000
0.033903
0.035093
0.036370
-0.981307
-0.000000
-0.000000
-0.000000
-0.000000
-0.000000
-0.000000
-0.000000
-0.000000
-0.000000
-0.000000
-0.000000
-0.000000
-0.000000
-0.000000
-0.000000
-0.000000
-0.000000
-0.000000
-0.000000
-0.000000
-0.000000
-0.000000
-0.000000
-0.000000
-0.000000
0.033903
0.035093
0.036370
0.037743
-0.980581
-0.000000
-0.000000
-0.000000
-0.000000
-0.000000
-0.000000
-0.000000
-0.000000
-0.000000
-0.000000
-0.000000
-0.000000
-0.000000
-0.000000
-0.000000
-0.000000
-0.000000
-0.000000
-0.000000
-0.000000
-0.000000
-0.000000
-0.000000
-0.000000
0.033903
0.035093
0.036370
0.037743
0.039223
-0.979796
-0.000000
-0.000000
-0.000000
-0.000000
-0.000000
-0.000000
-0.000000
-0.000000
-0.000000
-0.000000
-0.000000
-0.000000
-0.000000
-0.000000
-0.000000
-0.000000
-0.000000
-0.000000
-0.000000
-0.000000
-0.000000
-0.000000
-0.000000
0.033903
0.035093
0.036370
0.037743
0.039223
0.040825
-0.978945
0.000000
0.000000
-0.000000
-0.000000
-0.000000
-0.000000
-0.000000
-0.000000
-0.000000
-0.000000
-0.000000
-0.000000
-0.000000
-0.000000
-0.000000
-0.000000
-0.000000
-0.000000
-0.000000
-0.000000
-0.000000
-0.000000
0.033903
0.035093
0.036370
0.037743
0.039223
0.040825
0.042563
-0.978019
-0.000000
-0.000000
-0.000000
-0.000000
-0.000000
-0.000000
-0.000000
-0.000000
-0.000000
-0.000000
-0.000000
-0.000000
-0.000000
-0.000000
-0.000000
-0.000000
-0.000000
-0.000000
-0.000000
-0.000000
-0.000000
0.033903
0.035093
0.036370
0.037743
0.039223
0.040825
0.042563
0.044455
-0.977008
-0.000000
-0.000000
-0.000000
-0.000000
-0.000000
-0.000000
-0.000000
-0.000000
-0.000000
-0.000000
-0.000000
-0.000000
-0.000000
-0.000000
-0.000000
-0.000000
-0.000000
-0.000000
-0.000000
-0.000000
0.033903
0.035093
0.036370
0.037743
0.039223
0.040825
0.042563
0.044455
0.046524
-0.975900
-0.000000
-0.000000
-0.000000
-0.000000
-0.000000
-0.000000
-0.000000
-0.000000
-0.000000
-0.000000
-0.000000
-0.000000
-0.000000
-0.000000
-0.000000
-0.000000
-0.000000
-0.000000
-0.000000
0.033903
0.035093
0.036370
0.037743
0.039223
0.040825
0.042563
0.044455
0.046524
0.048795
-0.974679
-0.000000
-0.000000
-0.000000
-0.000000
-0.000000
-0.000000
-0.000000
-0.000000
-0.000000
-0.000000
-0.000000
-0.000000
-0.000000
-0.000000
-0.000000
-0.000000
-0.000000
-0.000000
0.033903
0.035093
0.036370
0.037743
0.039223
0.040825
0.042563
0.044455
0.046524
0.048795
0.051299
-0.973329
0.000000
-0.000000
-0.000000
-0.000000
-0.000000
-0.000000
-0.000000
-0.000000
-0.000000
-0.000000
-0.000000
-0.000000
-0.000000
-0.000000
-0.000000
-0.000000
-0.000000
0.033903
0.035093
0.036370
0.037743
0.039223
0.040825
0.042563
0.044455
0.046524
0.048795
0.051299
0.054074
-0.971825
-0.000000
-0.000000
-0.000000
-0.000000
-0.000000
-0.000000
-0.000000
-0.000000
-0.000000
-0.000000
-0.000000
-0.000000
-0.000000
-0.000000
-0.000000
-0.000000
0.033903
0.035093
0.036370
0.037743
0.039223
0.040825
0.042563
0.044455
0.046524
0.048795
0.051299
0.054074
0.057166
-0.970143
-0.000000
-0.000000
-0.000000
-0.000000
-0.000000
-0.000000
-0.000000
-0.000000
-0.000000
-0.000000
-0.000000
-0.000000
-0.000000
-0.000000
-0.000000
0.033903
0.035093
0.036370
0.037743
0.039223
0.040825
0.042563
0.044455
0.046524
0.048795
0.051299
0.054074
0.057166
0.060634
-0.968246
-0.000000
-0.000000
-0.000000
-0.000000
-0.000000
-0.000000
-0.000000
-0.000000
-0.000000
-0.000000
-0.000000
-0.000000
-0.000000
-0.000000
0.033903
0.035093
0.036370
0.037743
0.039223
0.040825
0.042563
0.044455
0.046524
0.048795
0.051299
0.054074
0.057166
0.060634
0.064550
-0.966092
-0.000000
-0.000000
-0.000000
-0.000000
-0.000000
-0.000000
-0.000000
-0.000000
-0.000000
-0.000000
-0.000000
-0.000000
-0.000000
0.033903
0.035093
0.036370
0.037743
0.039223
0.040825
0.042563
0.044455
0.046524
0.048795
0.051299
0.054074
0.057166
0.060634
0.064550
0.069007
-0.963624
-0.000000
-0.000000
-0.000000
-0.000000
-0.000000
-0.000000
-0.000000
-0.000000
-0.000000
-0.000000
-0.000000
-0.000000
0.033903
0.035093
0.036370
0.037743
0.039223
0.040825
0.042563
0.044455
0.046524
0.048795
0.051299
0.054074
0.057166
0.060634
0.064550
0.069007
0.074125
-0.960769
-0.000000
-0.000000
-0.000000
-0.000000
-0.000000
-0.000000
-0.000000
-0.000000
-0.000000
-0.000000
-0.000000
0.033903
0.035093
0.036370
0.037743
0.039223
0.040825
0.042563
0.044455
0.046524
0.048795
0.051299
0.054074
0.057166
0.060634
0.064550
0.069007
0.074125
0.080064
-0.957427
-0.000000
-0.000000
-0.000000
-0.000000
-0.000000
-0.000000
-0.000000
-0.000000
-0.000000
-0.000000
0.033903
0.035093
0.036370
0.037743
0.039223
0.040825
0.042563
0.044455
0.046524
0.048795
0.051299
0.054074
0.057166
0.060634
0.064550
0.069007
0.074125
0.080064
0.087039
-0.953463
-0.000000
-0.000000
-0.000000
-0.000000
-0.000000
-0.000000
-0.000000
-0.000000
-0.000000
0.033903
0.035093
0.036370
0.037743
0.039223
0.040825
0.042563
0.044455
0.046524
0.048795
0.051299
0.054074
0.057166
0.060634
0.064550
0.069007
0.074125
0.080064
0.087039
0.095346
-0.948683
-0.000000
-0.000000
-0.000000
-0.000000
-0.000000
-0.000000
-0.000000
-0.000000
0.033903
0.035093
0.036370
0.037743
0.039223
0.040825
0.042563
0.044455
0.046524
0.048795
0.051299
0.054074
0.057166
0.060634
0.064550
0.069007
0.074125
0.080064
0.087039
0.095346
0.105409
-0.942809
-0.000000
-0.000000
-0.000000
-0.000000
-0.000000
-0.000000
-0.000000
0.033903
0.035093
0.036370
0.037743
0.039223
0.040825
0.042563
0.044455
0.046524
0.048795
0.051299
0.054074
0.057166
0.060634
0.064550
0.069007
0.074125
0.080064
0.087039
0.095346
0.105409
0.117851
-0.935414
-0.000000
-0.000000
-0.000000
-0.000000
-0.000000
-0.000000
0.033903
0.035093
0.036370
0.037743
0.039223
0.040825
0.042563
0.044455
0.046524
0.048795
0.051299
0.054074
0.057166
0.060634
0.064550
0.069007
0.074125
0.080064
0.087039
0.095346
0.105409
0.117851
0.133631
-0.925820
-0.000000
-0.000000
-0.000000
-0.000000
-0.000000
0.033903
0.035093
0.036370
0.037743
0.039223
0.040825
0.042563
0.044455
0.046524
0.048795
0.051299
0.054074
0.057166
0.060634
0.064550
0.069007
0.074125
0.080064
0.087039
0.095346
0.105409
0.117851
0.133631
0.154303
-0.912871
-0.000000
-0.000000
-0.000000
-0.000000
0.033903
0.035093
0.036370
0.037743
0.039223
0.040825
0.042563
0.044455
0.046524
0.048795
0.051299
0.054074
0.057166
0.060634
0.064550
0.069007
0.074125
0.080064
0.087039
0.095346
0.105409
0.117851
0.133631
0.154303
0.182574
-0.894427
-0.000000
-0.000000
-0.000000
0.033903
0.035093
0.036370
0.037743
0.039223
0.040825
0.042563
0.044455
0.046524
0.048795
0.051299
0.054074
0.057166
0.060634
0.064550
0.069007
0.074125
0.080064
0.087039
0.095346
0.105409
0.117851
0.133631
0.154303
0.182574
0.223607
-0.866025
-0.000000
-0.000000
0.033903
0.035093
0.036370
0.037743
0.039223
0.040825
0.042563
0.044455
0.046524
0.048795
0.051299
0.054074
0.057166
0.060634
0.064550
0.069007
0.074125
0.080064
0.087039
0.095346
0.105409
0.117851
0.133631
0.154303
0.182574
0.223607
0.288675
-0.816497
-0.000000
0.033903
0.035093
0.036370
0.037743
0.039223
0.040825
0.042563
0.044455
0.046524
0.048795
0.051299
0.054074
0.057166
0.060634
0.064550
0.069007
0.074125
0.080064
0.087039
0.095346
0.105409
0.117851
0.133631
0.154303
0.182574
0.223607
0.288675
0.408248
-0.707107
0.033903
0.035093
0.036370
0.037743
0.039223
0.040825
0.042563
0.044455
0.046524
0.048795
0.051299
0.054074
0.057166
0.060634
0.064550
0.069007
0.074125
0.080064
0.087039
0.095346
0.105409
0.117851
0.133631
0.154303
0.182574
0.223607
0.288675
0.408248
0.707107
