0.7092288 0.8247759 0.9212755
0.4861218 0.9697601 1.1051807
0.8172631 1.1885858 0.8477959
0.6217418 0.9363973 1.2746038
0.7708640 1.0881910 0.7513403
0.7879978 0.8742069 0.8243640
0.6369055 0.6236220 0.8050387
0.6339493 1.0303948 1.0045736
0.7347378 0.8231335 1.1826855
0.7337704 0.8720371 0.6800821
0.6745482 0.7749971 0.6941351
0.4976173 1.0012314 0.5811934
0.9237966 0.8583469 0.9043501
0.7635757 0.9561855 0.8796973
1.0454447 1.7881850 1.0178004
0.6957363 0.9285751 1.0041923
1.1227909 0.8661278 0.4813358
0.6939027 1.2709488 1.1990074
0.7051420 1.2635324 1.3839376
0.8492205 1.1280417 0.9767115
0.8635144 0.4999141 1.1416030
0.5741474 0.7735429 0.8291047
0.5808789 0.6826017 0.8868393
1.1223885 0.8898938 1.0343434
0.8951959 1.0478908 1.0311000
0.8581093 1.3677600 1.0193595
0.5695178 0.8648186 1.0464510
0.5964594 0.7426879 0.5954200
1.1690060 1.1221342 0.9120928
0.9299528 0.9833120 0.9908876
0.4523958 1.1463921 0.4443968
0.6588587 0.6234201 0.8132056
0.5691793 0.6599651 0.4965877
0.4234673 1.5197952 1.1296371
0.9921731 1.0672943 1.0990184
0.8699019 0.9342172 0.7994022
1.0922121 1.0166322 1.0997772
0.7407768 0.9668123 0.6437675
0.9797389 0.7824855 1.0265396
0.7538721 0.7227722 0.7538885
0.8602110 0.9504708 0.8932633
1.1933484 1.4781795 0.9983832
0.5439805 0.9464117 0.6390810
0.6617766 1.0231279 0.4459332
0.8672898 1.2957356 1.2450515
0.9143792 0.7714206 0.6445195
0.4195743 0.6151481 0.7830410
0.9709131 1.1329688 0.9623420
0.6390720 0.8006317 0.6248227
0.8041605 1.2881452 1.0053432
0.5274802 0.6473729 0.5158267
0.6039141 0.7364958 0.5459351
0.9520975 1.1255789 1.0326154
0.7999339 0.8161883 0.7655534
0.4949582 0.6566255 0.6546396
1.3442193 0.5884330 0.9852242
0.8033634 0.9515694 0.7545444
0.8419885 1.4725568 0.8747220
0.6282358 1.2822171 1.0544694
0.7019798 0.5704698 0.5956487
0.8751091 0.6833916 0.8530866
1.0060217 0.9758795 0.7770109
0.8275862 1.2292765 0.6934861
0.7044877 0.6765651 0.7428929
0.6766277 0.7740099 0.7087592
0.8229634 1.1757531 0.8970816
0.5978104 0.6516051 0.6545634
0.8668056 0.7605251 0.4470842
0.7249265 0.8982367 0.8356152
0.7730985 0.7423342 1.0952897
0.8409892 0.8870794 0.8748189
1.1926422 0.7048584 0.4865338
0.6881196 0.9743225 1.4719127
0.8337696 0.6671844 0.5304489
0.9532093 1.6983356 0.9640728
0.9135750 0.9071422 1.0270925
0.7139915 1.1133794 1.2406762
0.4035045 0.6562394 1.1788682
0.4287077 0.8310822 0.5323608
0.6192956 0.9055933 1.0986868
0.6628778 0.6358080 0.6968034
0.6935698 0.7229526 1.3430833
0.9757866 1.0126566 1.1139392
0.7282433 0.5897797 0.8020828
1.0073375 0.8918732 1.4815578
0.7310256 0.7289624 0.6671943
0.5694840 1.1719027 0.8150941
0.6060394 0.8262791 0.7782523
0.6634746 1.3376670 1.1013837
0.8983619 0.8771692 1.5090974
0.9508120 0.9698346 1.2228139
0.8146518 0.9021589 1.3554600
0.7826592 0.6487862 0.7210055
0.7446967 0.9212056 0.6567683
0.4631968 0.6831290 0.4355794
0.4931261 0.8383629 1.5868143
0.6018589 0.7327415 0.8322506
0.8360210 1.2342357 0.8386201
0.8052996 0.9556685 0.6688278
0.5406122 1.3860492 1.0136052
0.5169298 0.9840014 0.7108507
0.6935735 0.8790671 0.7516681
0.8151880 0.8453664 1.0665836
0.9135674 1.1078775 0.9940518
0.5693839 0.7265052 0.7495313
0.8236481 0.9106280 0.8841496
0.6208846 0.8276476 1.2304160
0.6918399 0.9289004 0.9170729
1.1894998 1.3432076 0.9480502
1.6023738 0.8865057 1.3685028
0.6468157 1.3600515 0.9195900
0.6576703 0.9092306 1.1265395
0.9849451 0.8665023 0.6746739
0.7898379 0.7935844 0.9152406
0.5343179 0.8854470 0.8414260
0.6334351 1.1892831 1.0242083
0.7150317 1.0955869 0.7482695
0.8220483 1.1253764 0.6821279
0.9386563 0.6368656 0.6206945
0.5802176 1.0791878 0.6355451
0.8927690 0.8854421 0.7003519
0.9779038 1.2730372 1.0165309
0.5705016 0.8923064 0.8698442
0.4456954 0.7343602 0.4517935
0.7744494 0.7183889 0.7111509
0.6211076 1.0038222 0.9222025
0.7360933 0.9556111 1.2822365
0.7735010 1.5769633 1.0638264
0.8783605 1.0773333 0.8522366
0.5241382 0.6877049 0.7662401
0.7625590 1.0542952 0.7113437
0.3428624 0.6485166 0.6972423
1.0748097 1.0246360 0.7057383
0.3113851 0.5139044 0.6775387
0.2813880 0.3349424 0.7394881
0.3509115 0.9142672 0.4496682
1.1184242 1.0033346 1.1637377
0.4112403 1.2904387 0.8401259
0.7368311 1.1183446 0.7397302
0.7304505 0.9656949 0.9045030
0.7975125 1.2663702 0.6248891
1.2152098 1.1356264 1.0424427
0.6780613 1.2991539 1.5729018
0.7491921 0.8240859 1.0096526
0.4481060 1.0671473 0.5941959
0.8724795 1.7702837 0.8316216
0.9057837 1.1125364 0.9280759
0.6185219 0.9097314 0.5116183
0.6538171 0.8781001 0.7929546
0.5224592 0.8947765 0.9335279
0.3193059 0.8419421 0.6672333
0.5395444 0.7718566 0.6278881
0.4954546 0.9477502 0.6061969
0.8780361 1.4765333 1.0510963
0.6286771 1.0781180 0.6688117
0.6325352 1.2310175 0.4426703
0.3279369 0.9971681 0.5572956
0.6890990 0.7332823 1.0546857
0.9115091 0.7947154 0.9115294
0.4232454 0.6140250 0.9909613
0.7490849 0.7060520 0.8485695
0.9704931 1.1124985 0.8476668
0.3841366 0.5967184 0.4256647
0.8294374 1.1411525 1.4934841
0.8385008 0.8861196 0.8994692
0.7616587 0.7728464 0.6853100
1.3839102 1.1863761 1.1066070
0.6400072 1.3432506 1.1667138
0.5031606 0.5749398 1.2548982
0.6510095 1.3525158 1.0995434
1.0795331 0.9752595 0.9240033
0.8177699 0.9592607 0.5667212
0.8164979 0.5747254 0.5974666
0.5746194 0.8409979 0.7160964
0.9139403 1.1807921 1.0323547
0.8143409 1.0632401 1.2918856
0.9372214 0.9618318 0.9743684
0.7158352 0.7017324 0.7572300
0.7530055 0.7557302 0.9331594
0.9037307 0.5546299 0.9050227
0.9345199 1.1714860 1.2189499
0.8797604 0.8596431 0.7991187
0.5130445 0.9396280 0.8962205
0.6195836 0.5665247 0.8959683
0.7160725 0.7171764 0.6089247
0.7563771 0.5156666 0.5946700
0.8089946 1.1093369 0.9651841
0.7484961 0.8245950 0.9457499
0.9224971 1.2964657 0.6455414
0.7588144 0.4925585 0.7069003
0.9486867 1.5147766 0.8613959
0.8026198 0.8063404 1.0168625
0.5649897 0.8135678 0.7295596
0.6600707 0.8535368 0.6705676
0.6424757 0.5861337 0.6081349
0.9114392 1.5964910 0.5517239
1.5047227 1.1899455 0.9567395
1.1849329 0.6775051 0.7881007
0.6355808 0.7899113 0.9421796
0.6634301 0.7842629 1.0038914
0.8083007 0.8863564 0.7200547
0.4979002 0.6384117 0.9843793
0.9590859 0.8202166 0.7897992
0.5988308 0.9039160 0.8252384
0.8077782 0.7253209 0.9295256
0.7342184 1.0231371 0.8304120
0.9788852 0.5607101 0.6012173
1.0731240 1.0704100 0.9532232
0.5734807 0.9638420 0.7352613
0.4882091 0.8385279 0.7529202
0.8344237 0.7387499 0.7791399
0.9499289 1.3023244 1.0920089
0.6775003 1.3772125 0.9068955
0.8589854 1.0969954 0.8142943
0.6845030 0.9174825 0.8658224
0.4177685 0.3534764 0.7370356
0.8665734 0.7919385 0.9196113
1.2301703 0.9691666 1.0082669
0.7251419 0.7488255 1.1440169
0.7281761 0.6304523 0.6010905
0.9492045 1.2686956 1.4453263
0.7929142 0.8605405 1.2274764
0.6907257 1.0931823 0.8302854
0.6139190 0.6571658 0.5782767
0.8970633 0.8732675 0.6710851
0.5691024 1.0612944 0.7430892
0.9011295 1.1801143 0.6426539
1.0429001 0.8434415 0.6393347
1.2266354 1.2946260 0.8681601
0.7717712 1.0555424 0.7539838
0.6911408 0.6096170 0.7498114
0.7581066 1.1114197 0.8168453
0.6968145 0.9003453 0.8355604
0.8299355 0.8861483 0.6221293
1.1013252 1.1767625 0.7235590
0.6488778 0.6916372 1.0719523
0.6664896 1.2016368 0.9390023
0.9088168 0.7257826 0.9623013
0.5348829 0.8328934 0.4347406
0.4223187 0.7438412 0.6495437
0.7429130 0.5720925 0.8981498
0.8997475 0.7030860 0.5314220
0.9152635 1.0113437 0.8153184
0.8123219 0.6079440 0.8011623
0.5621690 1.0703522 0.6869934
0.7826752 1.0081858 0.6653667
0.2707583 0.5223084 0.3741333
0.7928150 0.6804798 0.6720281
0.9842708 0.8207338 0.6527898
0.9257535 1.5307605 0.9061566
1.0256958 1.1849821 1.3093365
0.7347980 0.8948211 0.9384460
0.7135055 0.6210624 0.8594912
0.9045519 0.8075936 0.9223487
0.6744852 0.8969755 0.9732425
0.6767450 0.7259630 0.4865512
0.6760120 0.5414079 0.5580724
0.7325143 1.2722843 0.8277912
0.8909198 1.3934112 1.1160368
1.1412665 0.9466492 0.6207429
0.7313377 0.8040428 0.9425602
0.8967312 0.9209788 0.7357273
0.8260418 1.3104115 1.0423124
0.6953263 1.3341908 0.9670877
0.8553868 1.0370102 0.6798487
0.6566114 1.2668744 0.7605687
0.6981798 0.9322814 1.2427264
0.7272675 0.7571053 0.9849034
0.7625774 1.2213649 0.7202274
0.6519521 0.7044646 0.6323555
0.9686860 1.4326484 1.0871683
0.7370547 1.0705901 0.8261423
1.2725449 0.8182717 0.8495162
0.7168118 0.9050912 0.5133766
0.6772699 0.9006365 0.5543784
0.5903327 0.8635509 0.8346624
1.4128204 0.9231608 0.7987856
0.6651795 0.6351420 0.6495948
1.0769623 1.0432214 0.8568935
0.8013069 1.0160109 1.2012184
0.6919776 1.1313476 0.8539284
0.7277631 0.7678267 0.8439769
0.7408851 1.0593367 0.9387172
0.7000207 1.4938456 0.7027677
0.4927686 0.6291885 0.7675733
0.6780251 0.9772181 0.8094868
0.8060766 0.9056928 1.0690124
1.0558492 0.8381358 0.8800607
0.7905666 0.9543095 0.9520142
0.9247357 1.0544878 1.1590972
0.7595464 0.7146836 0.6191696
0.8175429 0.6043867 0.8673717
0.6087950 0.7148543 1.0038986
0.7922092 0.9177017 0.8666639
0.8495719 0.8888775 0.6825996
0.6539014 0.8378913 0.7638385
0.7209067 1.0168641 0.9631399
0.9638748 0.9974451 1.5070140
0.5040477 1.2135775 0.9131820
0.8789115 0.6494196 0.6845271
0.6992066 0.6639507 1.3466628
0.7461893 0.7223503 0.8950270
0.6538810 0.7428777 0.9176424
1.3213979 1.3207962 1.3433542
0.3579427 0.4610094 0.5062445
0.5470970 0.4865651 0.5157346
0.5338408 0.6145961 0.6963017
0.9108401 0.8696416 0.9263653
0.5679581 0.9246369 0.8285805
0.7777040 0.6194952 1.2809372
0.5745878 0.7462672 0.6490137
1.0124846 1.1105915 0.7498552
0.8869898 0.9822237 0.8135178
0.7816129 1.0028587 1.3255093
0.5518621 1.0121698 0.5472659
0.8545632 1.0965664 1.4435845
0.5971594 0.6279853 0.7429196
0.6526073 0.8757805 0.8291652
0.4691160 0.7320382 0.7484805
0.6227755 1.0272281 0.5732217
0.7155608 0.8715594 0.6300049
0.7600597 0.9207022 0.8492574
0.5546559 1.3033468 0.4717386
0.9228360 0.9577061 0.9040415
0.6738888 0.7948574 0.6637109
0.4246597 0.9246316 0.7063597
0.6110588 1.0116343 0.9180437
0.5045565 0.6676743 0.4585888
0.6691876 0.6574515 0.4941632
0.7672069 1.4400761 0.9293772
0.5853771 0.8879415 0.8519817
0.5220882 0.5457335 0.5511655
1.0197810 1.0252063 0.7489505
0.8951685 1.0402577 1.0941592
0.7232237 1.2569316 1.1049897
0.7517356 0.7607976 0.7578105
0.9287856 0.8659348 0.8833384
0.4968921 0.5074981 0.5570560
0.8713382 0.9476393 0.8126489
0.7977571 1.1444939 0.9232352
0.5980826 0.8046362 0.6428781
0.7201062 0.5980136 0.9595886
0.9246279 1.1092758 0.8297755
0.4907835 0.8142410 0.6079957
1.2611800 0.8424971 0.5980317
1.0868170 1.3799403 0.8146669
0.7218912 1.6282297 1.0051394
0.5899735 1.0804484 0.7564071
1.1080015 1.2388147 0.8857102
1.4283355 0.7610001 1.0098394
0.8983815 0.8452271 0.9497866
0.6266624 0.7718345 0.6287592
0.5112550 0.4435442 0.6997968
0.5748929 0.4678809 0.5318585
1.1164577 1.0464627 1.2130922
1.0363273 0.9958128 1.0506985
0.6852803 0.9471728 0.8709862
1.0251144 0.6948905 1.1645469
0.6808363 0.6775818 0.6333130
1.1146808 0.5806663 0.5782666
0.9456081 1.1402113 0.9593704
0.3448600 0.7035236 0.6330800
0.5615775 0.8262150 0.7993126
0.6272474 0.8371037 0.7148413
0.5951094 1.0390154 0.7280093
0.6531817 0.7207261 0.7382937
0.6151080 0.9233856 0.6281840
1.2729737 1.0987384 0.8834910
0.8434211 0.9406138 1.1364139
0.6494383 1.0722015 0.6140155
0.6722002 1.1124605 0.7501556
0.8237396 0.7787710 0.7750905
0.7175477 0.9567319 0.8207831
0.6985802 0.8915458 0.9291274
0.7270724 0.9875977 1.0964629
0.7189710 0.7744801 0.8360036
1.3391233 1.7268548 1.5579177
1.0070654 1.4371311 1.0244983
1.2487871 1.0534641 0.8373345
0.8673058 1.2556323 1.0860813
0.7845396 1.3777043 0.9793646
0.5771077 0.7823027 0.5877683
1.0103451 0.6517970 0.7066699
0.5155686 0.7255999 0.6446789
0.6119955 0.5075936 0.6695747
1.4178395 1.1096341 0.6729599
0.6522190 0.9325444 1.0877715
0.4096089 0.3974414 0.3865184
0.7458997 1.1960107 0.8584136
0.3891392 0.4965104 0.6642016
0.8396927 0.8003852 0.5548369
0.7532016 0.7854708 0.7406343
0.9805369 0.4817455 0.4431661
0.6556139 1.1075762 1.1369848
0.5710196 0.7368991 0.7270235
0.6464448 0.5564905 0.6802761
0.6521727 0.6411417 0.8523530
1.1437646 1.2756326 1.3822746
0.5559761 1.1003469 0.7477287
0.9964382 0.8887925 0.7124380
0.3974662 0.7356807 0.5262773
0.8240687 1.0137299 0.7546087
0.9225777 0.9902593 0.7262842
1.0265874 1.0151074 1.6134119
0.6919139 0.7640959 0.7376226
0.8265034 0.9332012 0.7452697
0.7961435 0.9585041 0.8108894
0.8895297 0.9259151 0.7013912
0.6562749 0.8866801 0.6237564
0.9440058 1.1108290 1.3451410
0.8900857 1.0821802 0.6611620
0.8701478 0.7778562 1.2763690
0.6393268 1.1515188 0.8525009
0.9326393 1.4447145 1.0958348
1.4165143 0.8969819 0.8836724
0.5766125 0.9903147 0.8012509
0.8689578 1.0567154 1.3498489
0.7326388 1.1416132 0.8017446
0.6400513 0.8786204 0.6842336
0.5437446 0.9714828 0.6175833
0.9028199 0.8630346 0.6926989
0.6512779 0.9846735 0.8135032
0.8952082 0.8749556 0.8366580
0.8738944 0.5887550 0.7445869
0.7010790 0.7751042 0.7790440
0.9561657 0.9229981 0.7302390
0.6212218 1.0146604 1.1327213
0.6367898 0.8816554 0.6230717
0.9117934 0.7390407 0.9213870
1.3369882 1.3532241 0.9089935
0.8087833 1.0511514 0.8441379
0.7521473 1.1362347 0.7538340
0.6309903 0.8835447 0.5411106
0.5158318 0.8275978 0.5395299
0.8100321 0.8365310 0.7869954
0.8138102 0.9286598 1.1296173
0.6803417 1.1775452 0.8871218
0.8632033 0.6978469 0.6871610
0.5207521 0.9254040 0.7079893
0.6232595 0.8212633 0.9972631
0.6943573 0.8160690 0.6800470
0.5541931 0.6340244 0.5414375
0.5182346 0.8368535 0.7368044
0.5081834 0.6399512 0.6920943
0.7340204 0.9072285 0.8924125
0.5597897 0.7746738 0.8897794
1.0016665 0.8289302 1.2632315
1.1739333 0.9441597 1.0809389
0.6651385 0.8912983 0.7264184
1.0298235 0.8909458 1.1124278
1.1976573 0.9390668 1.0963125
0.7919330 0.9272076 0.8122497
1.1043852 1.3156267 0.9568494
1.0266298 1.0926594 0.9441252
0.3618443 0.7405624 0.4906145
0.6514689 0.8997001 0.9967323
0.6147022 0.7614919 0.6366598
0.8994960 1.5452238 1.0267693
0.6069244 0.7828551 0.8599774
0.9768114 1.1617785 0.9411952
0.7324218 0.7489647 0.6440578
1.0343532 1.0427678 0.8549367
0.9977090 1.0353115 0.9612637
0.8201693 0.8818823 0.8717405
0.8125781 1.4589194 0.9524037
1.2147362 0.8764453 1.1495922
0.8107804 0.9529773 0.6831134
0.6350555 1.4081943 1.1283759
1.2110877 1.3116744 0.8606558
0.7055792 0.8581261 0.8094070
0.9393114 0.7398232 0.6757796
0.6327460 1.1398973 0.5957891
0.7372756 1.1652414 0.9133742
0.4592311 0.8283519 0.9671743
0.6047348 0.9413842 0.7342331
0.7083251 1.3064791 1.3360775
0.6660672 1.6478136 0.5033129
0.7178900 0.6146598 0.6305101
0.4449964 0.7751542 0.7497590
1.0624670 0.7603318 0.6603203
0.8763260 0.9686338 0.9068273
0.6013671 0.7180361 1.1777826
0.7437022 0.7745390 0.8140374
0.7370936 1.3744205 1.3231648
0.8305026 1.2335775 0.6143397
1.0834465 1.0529552 1.6444610
0.8540189 1.1004373 0.6503588
1.3754673 0.8498712 1.1993383
0.7119128 0.8702382 1.1495778
0.8911008 1.1451113 0.6403306
0.8226317 1.7319041 0.7687580
0.9735898 1.1296077 1.2547568
0.9008792 0.7819232 0.9853244
0.4701017 0.8050622 0.6737528
0.8855712 0.6416391 0.5880042
0.5575367 0.8597482 0.5338081
0.7584503 1.4515548 0.7754771
0.4535800 0.7453810 0.6602314
0.6946794 0.9538089 0.8899442
0.7624872 0.7495269 0.6068311
