0.8203106 0.9129595 0.4047637
0.6883216 1.1750783 0.6117909
0.9193186 1.0970894 0.3161843
0.7101946 1.3452821 0.5490057
0.6609327 1.0865744 0.3568918
1.0577073 1.0639352 0.4076726
0.6069178 0.7419980 0.2972443
0.4245612 0.5780853 0.2383049
0.7968023 1.4075196 0.3993178
0.5695633 1.0105100 0.3909596
0.7979251 1.0801040 0.3535363
0.9690073 1.8998905 0.4614743
0.3563785 0.4761813 0.1900598
0.8872483 1.0339071 0.3719258
0.5877370 1.2341242 0.4193914
0.6388631 1.6544545 0.4002298
0.3532027 0.9492103 0.3196571
0.6387213 1.0558865 0.3182349
0.4769556 0.6348654 0.3837618
0.6529157 0.9693077 0.2645290
0.5368943 1.4759299 0.2935434
0.4955277 1.3946995 0.1939998
0.8723717 1.3043005 0.5230903
0.3831475 0.6154964 0.2125284
0.5195244 1.0022431 0.4485921
0.5113009 1.0135623 0.2340108
0.7750473 1.5948645 0.5786065
0.5468023 0.7490643 0.3512572
0.7720970 1.4429079 0.4958702
0.4555759 1.3130112 0.2090094
0.9542978 1.3263054 0.3822730
0.6308275 1.1984128 0.4232358
0.7795519 1.0629466 0.3920819
0.6568233 1.4768965 0.3802880
0.4564229 0.8316495 0.2938233
0.6126921 0.7757024 0.3729906
0.5804264 1.3055156 0.3117004
0.4017157 0.8646712 0.1812846
0.6318800 1.3166797 0.4594917
0.5167460 1.2340901 0.2671040
0.6229847 1.4882788 0.3964796
1.2398611 1.4026001 0.2475307
0.5775755 1.0370870 0.3060337
0.8213233 0.7228567 0.4640515
0.5577426 0.8945215 0.8931343
0.8127543 1.1795969 0.2964429
0.5973850 1.4330521 0.2648050
0.7452095 1.1159723 0.6332430
0.7266992 1.5504051 0.4040351
0.6503089 1.1485639 0.5907509
0.6320188 1.0028359 0.3118520
1.2102231 1.7414159 0.3837466
0.6577083 1.2097397 0.3781629
0.3849406 1.0708476 0.2460440
0.6984252 1.3167421 0.3813117
0.3696987 1.4706396 0.4420430
0.7883466 1.3014357 0.4320869
0.7850991 0.5047053 0.2631993
0.8429195 1.4270268 0.3362389
0.7295994 1.0458883 0.3493618
0.7165461 1.3870764 0.3771402
0.8411249 1.1247026 0.5948887
0.6318370 1.2053976 0.2970086
0.5838654 1.3879524 0.3834305
0.5928885 1.1453052 0.2869304
1.0826436 1.1659322 0.4837973
0.3935893 1.3499360 0.3077689
0.6479186 0.9902490 0.7417470
0.5982547 1.2966367 0.3929681
0.4997337 1.3600255 0.3463060
0.6434208 1.7646243 0.4232206
0.7117276 0.8365325 0.4969067
0.8130291 1.4244293 0.3553090
0.5692828 0.8099413 0.5657868
0.8843998 1.0778658 0.4367041
0.6978826 1.2900927 0.3557017
0.7440208 0.7472145 0.6547745
0.4221471 0.6865909 0.2800138
0.3618360 1.3164805 0.4211373
0.5392733 1.4699435 0.3661840
0.5529455 1.0167263 0.3219155
0.7217257 0.9054113 0.3288274
0.6861210 1.3893283 0.3974060
0.7218828 0.7360230 0.4526769
0.5167131 1.1166601 0.2466882
0.4534586 0.9750210 0.3436595
0.5962570 1.2970505 0.4453925
1.2295695 0.7923233 0.3496849
0.7876897 1.0139026 0.3196750
0.6614042 0.6629246 0.3292700
0.8289332 1.3226741 0.3576664
0.7723452 0.9540880 0.3735188
0.5862625 0.5881530 0.3063089
0.8992952 0.9307472 0.4975665
0.4455376 0.9331506 0.3192677
0.8987761 1.0070768 0.2471748
0.7887200 1.1121495 0.8114436
0.8550342 1.0195853 0.4312809
0.4063479 1.2080398 0.5370853
0.9518059 1.7874864 0.4565751
1.1411371 1.3259380 0.5424596
0.4285738 0.7233146 0.2110843
0.9488654 1.2044833 0.3759995
0.7047336 1.5259190 0.3977280
1.4416051 1.5659472 0.4359942
1.0074696 0.7998407 0.2869445
1.0152482 1.1209652 0.7623720
0.6668526 0.9950280 0.2804222
0.7147216 1.6391892 0.4401030
0.7547609 0.8579209 0.1618860
0.9286607 0.6698976 0.2674938
0.8723265 1.3065375 0.3635869
0.5684045 1.3144131 0.3484351
0.7973617 1.0780022 0.3555676
0.4879989 0.8806897 0.3078414
0.6635005 0.9464725 0.3218894
0.9814156 1.1342030 0.3490728
0.7585888 0.7657076 0.3113397
0.6793560 1.3411013 0.2991388
0.5221545 0.9070916 0.4656616
0.2589167 1.1647446 0.3756701
0.7344630 1.0820918 0.4400578
0.7482457 1.1256859 0.3463726
0.7349118 0.7973012 0.2730793
0.5705191 0.5889681 0.3609040
0.5103703 1.2879208 0.4069861
0.4623366 0.8204823 0.4442123
0.7085355 1.0457245 0.4124436
0.7653455 1.5798164 0.5753532
0.5716546 1.2780833 0.3909226
0.6375693 1.3117997 0.3645116
0.9163406 1.3601520 0.4623693
0.2511585 1.2868411 0.3346418
0.5640504 1.3058612 0.3983700
0.4072704 0.6936118 0.3598855
0.6573401 1.0285098 0.5551171
0.7182956 1.1621009 0.4514152
0.7182764 1.3755644 0.6038837
0.5310033 1.6985660 0.4859368
0.7936049 1.0930638 0.5840876
0.8235792 1.2840209 0.4958151
0.4685432 0.8997538 0.2470790
0.8103465 1.1903824 0.3533052
0.4172096 1.1788598 0.2975742
0.7246900 0.5735452 0.1697871
0.4850434 1.1459992 0.5110703
0.6995409 0.9974096 0.4293937
0.6531830 0.5662706 0.2010178
0.5954745 1.4493992 0.4030452
0.4874505 0.9144172 0.2849880
0.4492720 0.9516579 0.3118186
0.6864390 1.7020858 0.4883623
0.8858153 1.4965333 0.3584149
0.7362724 1.0109171 0.3957692
0.5974137 1.2390760 0.4462525
0.4935402 1.2488278 0.3837806
0.5336001 1.0330917 0.4168076
0.5674842 0.8657068 0.3504214
0.9466618 1.4428278 0.4221439
0.6689323 0.6943620 0.4480117
0.7993354 1.1551510 0.2948950
1.1122055 1.2167566 0.3150362
0.8289574 1.2944625 0.2610187
0.7479069 1.2502933 0.4486876
0.6802226 1.5423406 0.4611739
0.6568872 0.9114650 0.3388819
0.6247379 1.5166016 0.4258424
0.6178128 1.1555689 0.4298023
0.6733919 1.0257544 0.4706369
0.7767011 0.9560406 0.3429607
0.6893315 0.7177275 0.4962001
0.6477988 0.5629680 0.4828146
0.6085193 1.3192782 0.2857449
0.5601224 0.9826359 0.3743794
0.5168707 1.3764254 0.4040349
0.3803107 0.8346269 0.3218252
0.8826915 1.0336559 0.3895135
0.7199106 1.3264901 0.6103494
0.8558110 0.9936680 0.3944421
0.7297747 1.5122234 0.3583532
0.6121478 1.0914873 0.4125528
0.8810363 1.5277885 0.5997073
0.6008773 1.1887058 0.3622248
0.7468818 1.7580162 0.5194510
0.8338412 1.3614723 0.5711688
0.6849498 1.0258522 0.2871592
0.6517349 1.1289274 0.3642979
0.6020570 0.9010991 0.3155085
1.1726759 1.5363525 0.4538290
0.6848214 0.6446210 0.3288520
0.4597675 0.6629044 0.4116118
0.7719621 1.3175453 0.3574791
0.8851237 1.5857709 0.3626663
0.5859595 1.2299815 0.5344921
0.6634823 0.9546126 0.3830909
0.5901027 0.8210558 0.2408958
0.5960818 1.1247013 0.4329186
0.5400800 1.0317153 0.5066601
0.7642982 1.1306980 0.5019855
0.5974445 0.7300191 0.2951973
0.7458547 1.3206659 0.3247784
0.5087937 0.7348762 0.3759642
0.7824590 0.9128892 0.4782405
0.5827341 1.6188993 0.3598981
0.7180779 1.2985767 0.3192006
0.7738313 0.9494561 0.4589464
0.6019869 1.2093027 0.4164293
0.7327917 0.9989100 0.4356011
0.7267483 1.2711899 0.4412955
0.4758201 1.7856441 0.4262540
0.6277132 1.5503308 0.4519120
0.5432848 1.2838418 0.4750284
0.7857025 1.4132633 0.3973936
0.7555280 1.3592944 0.4524713
0.5809319 1.3271414 0.4756948
0.4363682 0.8498900 0.3812150
0.9111054 1.6588482 0.5300605
0.6147364 1.0686040 0.3028675
0.3976086 1.0809148 0.3343662
0.5513831 0.7729321 0.3357001
0.8494105 1.4505685 0.4339083
0.8089187 1.5899372 0.4036090
0.8468577 1.2306128 0.3161089
0.4822341 0.5016366 0.2477668
0.6375069 1.2325345 0.4574811
0.7382090 0.9518188 0.5212192
1.0163550 1.3350193 0.4210316
0.5680558 1.1159557 0.3379120
0.7684979 0.8717333 0.3743551
0.7352547 1.3185403 0.4336974
0.5535245 1.0228943 0.3484516
0.9553003 1.7028671 0.5311969
0.4454765 1.1677139 0.1818733
0.6965149 1.3992600 0.3442674
0.7886384 1.5148726 0.3419407
0.6717988 1.0141716 0.4752566
0.7614473 1.6310802 0.3008095
0.6106680 0.8401508 0.3292609
0.5452748 1.1057264 0.4842542
0.8259206 1.1046209 0.2291522
0.7756771 1.5353064 0.5024480
0.3667659 0.7123536 0.2615095
0.6321540 1.3440814 0.3076856
0.4086505 0.9665518 0.2749721
0.8232906 0.7391586 0.4875662
0.6341029 0.8867777 0.3594383
0.5477279 1.1949146 0.3345376
0.5301425 0.7126043 0.3585875
0.6894136 1.1997813 0.4979274
0.6774633 1.4885442 0.5491876
0.4745865 0.9844415 0.3786763
0.6498577 1.3900451 0.4978616
0.6478881 1.3643124 0.3986796
0.4059034 1.0830340 0.2915733
0.6854667 1.1908538 0.4940704
0.6708821 1.2057440 0.3498270
0.7509093 1.5635459 0.3704219
0.4565579 0.8863984 0.3020922
0.4142437 1.2044407 0.3237562
0.6070927 0.7470495 0.3155193
0.6778023 1.1435904 0.3825440
0.3198270 0.8238651 0.2370588
1.1665487 1.3608011 0.3449499
0.4920746 1.2072857 0.3652832
0.7287216 1.5120748 0.2956843
0.7621043 0.6716786 0.3090814
0.6126768 0.9139002 0.4190771
0.6066114 0.9613956 0.3268114
0.5654798 1.2875510 0.3693749
0.8094652 1.4477456 0.4572464
0.4527747 0.7162578 0.2155671
0.7960551 1.3355072 0.2944934
1.1207483 0.9220510 0.5001530
0.6413138 1.2336275 0.4587523
0.4985732 1.2362783 0.2829057
0.5676964 1.1265564 0.3101327
0.5953709 1.2335132 0.4424614
0.7657560 1.1605464 0.3621463
0.6362034 0.8713060 0.2711513
0.6819260 1.1606699 0.6130592
0.6925007 1.2355230 0.3707649
1.1462957 1.2524381 0.4621462
0.5046331 1.1621415 0.2201067
0.7600057 1.2471561 0.2939978
0.7416801 1.3702765 0.4327705
0.4771815 0.8315875 0.2670816
0.5745666 1.6858100 0.4522557
0.9776927 1.1438121 0.3948051
0.7438069 1.4622527 0.3726243
0.6179404 0.8550911 0.3737455
0.6626310 1.1751021 0.4068195
0.8681314 1.4443241 0.4284193
0.8585993 1.0171317 0.3910756
0.5300531 1.2917321 0.3281045
0.5818050 1.5505394 0.4517867
0.8153165 0.9033658 0.7649551
0.3433571 1.3585377 0.2512403
0.6120951 0.5633583 0.2784663
0.5031509 1.1033385 0.2563117
0.9278398 1.3645423 0.3153328
0.3576729 0.6955144 0.2742338
0.6669934 0.8931368 0.5968727
0.6948779 1.3030762 0.3723694
1.0492912 1.2006619 0.3875516
0.4312692 0.6849163 0.2841632
0.3834844 0.6147143 0.2660661
0.6993900 1.6815052 0.4543901
0.4547319 0.7865962 0.2739882
0.5156167 1.1564661 0.3130335
0.7516892 0.9107546 0.8097163
0.8511788 1.6488881 0.4006662
0.5777887 1.3475877 0.3066323
0.7792507 0.8667383 0.5467678
0.7624416 1.3332705 0.2865606
0.6771438 1.4167867 0.3234513
0.8455490 1.3463060 0.2073024
0.6479679 0.8995630 0.4377933
0.8982013 1.3050524 0.3862132
0.8350939 0.9441548 0.5176952
0.6910678 1.2336472 0.4305762
0.6584981 1.3447730 0.5243810
0.5971449 0.7981244 0.3331946
0.6739491 1.3137431 0.3588594
0.6550359 1.5772849 0.4532478
0.8632995 1.4637047 0.5713774
0.6469966 1.2646065 0.3748061
0.7589790 0.9741437 0.3237406
0.8070170 1.2228322 0.4301721
0.8136915 0.7625511 0.2932651
0.4707877 1.0628002 0.3482334
0.4906606 1.2151273 0.3127401
0.4693120 1.0212959 0.3543407
0.5936981 1.0802304 0.6606404
0.4325795 1.0582068 0.3134728
0.4843191 0.9741185 0.3650043
0.8024251 0.5619648 0.3540468
0.8997758 1.3314565 0.4697639
0.4709336 1.4037071 0.2534009
0.5033538 1.4228527 0.2945516
0.6846447 0.8002388 0.2455860
0.7852663 1.4726028 0.4418493
0.5854083 1.4599123 0.4087211
0.4523323 0.9796061 0.2505292
0.7138146 1.0353155 0.3601431
0.5571055 1.2758553 0.3409935
0.6469303 1.0509244 0.5107476
0.6552161 1.1049030 0.3509376
0.7008209 0.8205999 0.2239279
0.6641715 0.8469076 0.2605085
0.5155989 1.2563677 0.2558545
0.7011684 1.2757727 0.4588269
0.6616620 0.8802379 0.3578533
0.6390104 1.0493143 0.3840057
1.0102974 1.4492695 0.5109438
0.8472177 1.7366337 0.4498589
0.6772620 1.1056155 0.4354248
0.5244547 0.8768422 0.2702424
0.9118658 1.3269974 0.4024170
0.4847249 1.1652866 0.3269390
0.8234549 0.8253379 0.3727862
0.3781723 0.9209061 0.2797192
0.6776831 1.4573268 0.4169985
0.5085578 0.9996588 0.4289700
0.6078922 1.1306964 0.3777151
0.4602272 0.8149004 0.3605407
0.4626710 1.0230973 0.3007961
1.0573385 1.4647594 0.4385065
0.7750415 1.2030101 0.4345005
0.4871099 1.0882227 0.2280084
0.9435670 0.9252379 0.3648224
0.8191140 1.3366258 0.4549563
0.5197195 0.7861477 0.3562588
0.4727918 0.6849030 0.3610371
1.1672029 0.8792040 0.4694309
0.6826644 1.1290282 0.3105304
0.8501884 1.4285802 0.3684475
0.7472246 1.1688531 0.3607099
0.9436589 0.8499220 0.4584338
1.0728089 1.5049585 0.3537535
0.7141209 0.9637699 0.4050655
0.4897058 1.2449801 0.5135234
0.7470830 1.0163281 0.3754882
0.7367744 1.5882476 0.3517868
0.9008567 1.0348263 0.3347845
0.4805604 1.2210225 0.3684209
0.4777082 1.5081743 0.3570686
0.9809183 1.0994507 0.4263482
0.8067460 1.2763394 0.4100380
0.3434720 0.8956757 0.2484050
0.7022013 1.2157333 0.2736469
0.5292531 0.8859752 0.3183825
0.5781909 1.0852391 0.5151193
0.8064576 1.4609871 0.4386119
0.8159507 1.2822289 0.4417098
0.4966089 1.2325855 0.2985988
0.5788908 0.9212185 0.3510275
0.6791077 0.6648654 0.5456512
0.4628668 1.5998181 0.3234209
0.7663910 1.2065373 0.2985354
0.4727070 1.0360006 0.3769649
0.6646894 0.5519153 0.3843551
0.8972328 1.5886622 0.3435677
0.6169349 1.3372449 0.4112707
0.8973879 1.2954808 0.4096239
0.5084430 0.8005778 0.2598302
1.0520423 1.4576823 0.4000623
0.6342839 1.1352779 0.5618388
0.9978280 1.5595205 0.3685217
1.2525253 1.2983605 0.4846601
0.7054480 1.4322310 0.4200922
0.6753407 0.7983187 0.3735689
0.5688276 1.2900955 0.3867042
0.5645303 0.7188732 0.3394472
0.7179345 1.0867570 0.3325806
0.3054786 0.2014688 0.3143960
0.5582816 1.3808200 0.4808600
0.8114932 1.6868239 0.3351683
0.4261180 0.7067880 0.4938249
0.4692715 1.1822057 0.2149171
0.7909871 1.3599537 0.3708884
0.7337894 0.8324792 0.3462697
0.7783699 1.5623837 0.5922157
0.5726502 1.2695081 0.2847555
0.5938141 0.9786723 0.4814507
0.4998802 0.7808259 0.3237559
0.7472435 1.2592560 0.2974088
1.3061829 0.7426365 0.2455730
0.6821328 0.9381916 0.4338134
0.4605739 1.5729742 0.2660608
1.1084642 1.0878197 0.4446125
0.9902279 1.3816038 0.4334050
0.6385269 1.1945203 0.4142944
0.8425566 0.6771789 0.2846704
0.6630060 0.7830033 0.3616909
0.8471233 0.9485907 0.3827659
0.5633401 1.0096370 0.5668795
1.0909337 1.1904514 0.3134436
0.3306920 1.2270195 0.3278602
0.6814859 0.9739834 0.4254985
1.0483279 1.2182843 0.3403407
0.4191281 1.1484571 0.3330522
0.6375789 0.6821333 0.2028614
0.6025410 0.8673943 0.3422683
0.2098870 0.6244918 0.2904978
1.1068102 1.4988646 0.4663026
0.7677276 1.1581208 0.3652893
1.2907850 0.9235735 0.2669672
0.7739785 1.3673377 0.5005813
0.6931293 0.5558002 0.6562945
0.7449895 1.1892209 0.4692998
0.5155181 0.6631801 0.2291051
0.7623257 0.5811320 0.7080716
0.5914516 1.2554394 0.3873441
0.7472940 0.9858579 0.3147618
0.8726114 1.5786993 0.3045913
0.5977389 1.2878346 0.3508381
0.4934375 1.0636673 0.3539097
0.6361270 1.1800670 0.3139323
0.3334182 0.6699336 0.3210224
0.5027692 1.2402241 0.3837770
0.4745005 0.8397545 0.2762878
0.7333981 1.4706616 0.3355520
0.6004864 0.8621249 0.4655212
0.5103108 1.0150640 0.3754763
0.7111944 0.7712164 0.3818387
0.3585544 1.5484549 0.3535124
0.4749571 1.3378571 0.3989432
0.7666702 0.8805063 0.3165821
1.1198215 1.1318754 0.3986636
0.7942084 1.1978701 0.7067798
0.7276714 1.5911068 0.5432170
0.9528057 0.5300117 0.4224195
0.5689803 1.0691935 0.2794738
0.9230491 1.1607962 0.4183110
0.9306737 1.1352570 0.6553568
0.5155505 0.8986925 0.3733039
0.5291825 1.1749533 0.4307455
0.6453451 0.7807337 0.5382741
0.8196713 1.0658988 0.3628196
0.6374956 0.5762986 0.4593408
0.7632201 1.4651517 0.5403623
0.5177379 0.9518075 0.5763402
0.6987438 1.6506721 0.4492078
0.5309099 0.8313101 0.3063354
0.9127266 2.0054444 0.4189712
0.5772104 0.8782033 0.3834237
0.5876708 1.2352051 0.2806516
0.8288070 1.0039505 0.6724282
0.7872789 0.4316431 0.3788297
0.7196596 1.2072182 0.5062358
0.4808871 1.6345153 0.3757821
0.8103566 1.5161010 0.3922186
0.5192892 0.7168101 0.3000956
0.6009905 1.3551977 0.3869024
0.4237775 1.3081389 0.4961101
1.0503083 1.6174194 0.4220262
0.7398028 1.6391908 0.4866766
1.1805368 1.4264149 0.4440752
0.7562211 1.2172265 0.6021870
0.6297239 1.4595983 0.3076366
