 3.459250e-01
-2.099689e-05
-3.458210e-01
-4.113401e-01
-6.733945e-01
-3.584255e-01
-1.746130e-02
-2.712117e-01
-5.366538e-01
-1.300772e-01
-3.657348e-01
-3.340677e-01
 1.542326e-01
 3.535434e-01
 6.862874e-02
-1.307429e-01
-2.871660e-01
-8.668781e-01
-3.636880e-01
-3.288593e-01
-9.557991e-01
-1.236573e+00
-1.465087e+00
-8.535252e-01
-1.141605e+00
-6.463520e-01
-4.533819e-01
 1.502940e-01
 2.220993e-01
 6.691921e-01
 2.765767e-01
 6.201333e-01
 5.942911e-01
 2.790870e-01
-4.443660e-01
-2.450528e-01
-4.658722e-02
 6.416019e-02
-4.385088e-01
-4.948072e-01
 2.207634e-01
 1.841022e-01
 4.771793e-01
 2.727164e-01
 9.271830e-01
 1.019116e+00
 1.039343e+00
 1.079889e+00
 1.195881e+00
 1.096807e+00
 1.384423e+00
 1.450267e+00
 1.586161e+00
 1.604381e+00
 1.827686e+00
 2.237096e+00
 1.719753e+00
 1.931242e+00
 1.506609e+00
 1.913175e+00
 1.991540e+00
 1.475877e+00
 1.132659e+00
 1.286957e+00
 2.054041e+00
 1.477005e+00
 1.672906e+00
 1.753880e+00
 1.336400e+00
 1.189361e+00
 1.374773e+00
 1.257895e+00
 1.242427e+00
 8.422495e-01
 9.811555e-01
 1.682837e+00
 1.975529e+00
 2.726809e+00
 2.595011e+00
 2.907159e+00
 2.960391e+00
 2.962317e+00
 3.040346e+00
 2.660323e+00
 3.149559e+00
 3.095966e+00
 2.072764e+00
 1.824990e+00
 2.199886e+00
 2.020781e+00
 2.433286e+00
 1.846117e+00
 1.705212e+00
 1.309011e+00
 8.423208e-01
 9.614178e-01
-1.385663e-02
-2.789791e-01
 3.972497e-02
-3.089319e-01
