-1.188975084
-1.053962307
-1.274312374
-1.559438102
-1.696095677
-1.318690877
-1.297366442
-1.814833796
-1.834847673
-1.811778946
-1.868789045
-1.810517419
-1.796360877
-0.984432567
-1.486922267
-1.992314565
-2.210041436
-2.482144948
-2.060746000
-2.045319124
-2.376141094
-1.690690003
-1.873296857
-1.108534846
-0.807862843
-0.747523651
-0.725243477
-0.281751688
 0.147328901
-0.371953019
-0.519292599
-0.610679203
-0.693793407
-0.573534223
-0.020792015
 0.284981892
 0.104019420
 0.009554716
-0.234333971
-0.312629605
-0.135792974
 0.378841991
 0.500506120
 0.322340424
 0.376331768
 0.283300679
 0.846668293
 1.126496945
 1.262154930
 1.299487343
 1.548591932
 1.831463066
 1.107050110
 0.850845205
 0.264431519
 0.318414492
 1.093666259
 0.760784690
 0.908437168
 1.214507685
 1.198562501
 1.854945446
 2.097004927
 1.811698060
 1.593472173
 1.732665368
 2.139723303
 2.403383103
 2.918595904
 2.701093315
 2.177991153
 1.978059953
 2.191969270
 1.715789274
 2.083874024
 1.478114074
 1.851415796
 1.461341202
 0.918006309
 0.846555530
 0.367054038
 0.159933831
 0.023655086
-0.404295364
-0.611610752
-0.526339311
-0.549749825
-0.488275070
-0.738608399
-0.059199440
-0.369615675
 0.276272577
 0.265557249
 0.525563493
 0.324547489
 0.250021428
 0.630391580
 0.985759515
 1.042590101
 0.588574785
