-0.17103350
 0.17940289
 1.11255900
 0.38698694
 0.51097900
 0.28374888
-0.52530611
 0.19887485
 0.63013285
 0.80781840
 0.53782544
 0.33742244
 0.16864573
-0.33472067
-0.17541179
-0.56652020
-0.07978792
 0.05779763
-0.02614936
 0.16099313
 0.61211650
 0.05885046
 0.38560324
-0.05587587
-0.64442527
-1.15343531
-1.40670259
-1.19028445
-1.40164186
-1.12805285
-0.77755919
-0.84283957
-1.07168811
-0.98813855
-1.26051384
-1.39632368
-0.81804590
-1.11679765
-0.79257287
-0.70816075
-0.88280818
-1.27269862
-0.69196518
-0.45705569
-0.10340746
 0.04224044
 0.52265457
 1.47772763
 1.23011505
 1.40204259
 1.08946227
 1.13038255
 1.36529641
 0.73488972
 0.53940841
-0.12753883
-0.72512095
-1.43827130
-1.86167041
-2.34509510
-2.11954306
-2.05402221
-1.66826891
-1.29417628
-1.07075296
-0.74598041
-0.82969449
-1.42643766
-1.36432484
-0.82265351
-1.02344930
-0.97282693
-0.87912541
-0.50749896
-0.67563481
-0.20538783
-0.12462554
-0.57530708
-0.80345887
-0.33012162
-0.46840307
 0.10552411
 0.36764776
 0.89180715
 0.92607033
 0.83286296
 0.47779977
 0.33006241
 0.56171103
 0.32728224
 0.32225002
 0.06005721
 0.22821823
 0.39036741
 0.37981695
 0.39941605
 0.16570394
 0.11307126
-0.06637393
 0.10033614
