0.6687874	0.2787253	0.3688308
0.9316079	0.3162548	0.5296709
0.6182554	0.1922231	0.8223363
0.6369814	0.2802357	0.9682913
0.6964207	0.2863064	1.2951096
0.4242078	0.1894924	0.2904226
0.9262551	0.3936926	0.7441560
0.6537761	0.2882089	0.5494655
0.2516974	0.2136113	0.3380086
0.7960325	0.3062789	0.6249102
0.4393314	0.3866005	0.5229411
0.6152051	0.4027308	0.4457767
0.9333997	0.4770025	0.6946026
0.6847919	0.4460683	0.7041409
0.5731720	0.2387409	0.4037015
1.3684554	0.2726646	0.7276860
0.5719706	0.3028333	0.8685421
0.3788120	0.1549739	0.1971735
0.8210776	0.1310585	0.9870853
0.3324884	0.3597353	0.4676579
0.7137632	0.4227314	0.2304396
0.7044231	0.2025174	0.5234139
0.8334775	0.3548169	0.8582435
0.7490191	0.4373448	0.7014123
0.8482371	0.4081395	0.2412336
1.0472483	0.2541946	0.6747876
1.0598332	0.3820212	0.6724022
0.7817144	0.2980261	0.5064352
0.4272994	0.3850951	0.6794144
0.5342482	0.2674829	0.4210876
0.6536189	0.4653614	0.4440561
0.2345904	0.5170216	0.2322326
0.6383405	0.2162714	0.6854490
0.8835949	0.3044658	1.0395689
0.8871452	0.2805289	0.5587941
0.5240790	0.2497721	0.4361218
0.6300633	0.4121380	0.8571895
0.4568873	0.2174142	0.2570402
0.5721300	0.2131505	0.5678919
0.8042498	0.3164958	0.5722524
0.8470145	0.3108343	0.4877017
0.9655308	0.3542476	0.6140109
0.7201671	0.3147492	0.5831733
0.4323724	0.4070233	0.4897265
0.9330335	0.2496397	0.4690221
0.5199542	0.1184001	0.3382098
0.4289871	0.2160481	0.4379479
0.7409658	0.3090351	0.6550217
0.7377574	0.6638822	0.8470757
0.6471561	0.2324662	0.5354208
0.4740838	0.3153440	0.4756118
0.8251678	0.2707291	0.4000169
0.9528381	0.3829957	0.6896844
1.2472284	0.3658646	0.6079780
0.4702179	0.2020016	0.4668125
0.1670658	0.1506543	0.1689072
1.4822486	0.2151562	0.4156639
0.6682895	0.2716332	0.4341209
0.3156016	0.2101363	1.5545423
0.6490067	0.2782498	0.4396598
0.8601409	0.3341366	0.8158294
0.5963249	0.3779435	0.5553177
0.6476341	0.2229646	0.5115181
0.8473974	0.3022574	0.4814797
1.0360153	0.2755642	0.6263597
0.3713198	0.2098632	0.6537711
0.6380395	0.1383775	0.8644139
0.3274367	0.3627647	0.7230929
0.7179587	0.3382080	0.3826228
0.5672399	0.3281624	0.6014804
0.6624713	0.1538534	0.8344917
1.0700966	0.2661677	0.6693413
0.8675951	0.3169823	0.8839175
0.8345872	0.3303889	0.4310331
0.7693658	0.4637560	0.6428613
0.9512044	0.4215829	1.0544850
0.4983897	0.4070257	0.4671840
0.4792843	0.3317261	0.3475987
0.5978475	0.3343607	0.3874769
0.6340605	0.2359881	1.0015974
0.8430762	0.4012678	0.4885386
0.8539578	0.4049511	0.2375282
0.5347009	0.5625341	0.5696185
0.9383229	0.4504029	1.0568420
0.9992820	0.3189094	0.7457718
0.8290116	0.2755504	0.8869272
0.5803581	0.3222004	0.4571351
0.7111002	0.1893123	0.3858483
0.9026967	0.4514377	0.5838954
0.8389520	0.2039128	0.8783939
0.7449641	0.3311728	1.2862548
0.6486778	0.2764933	0.9143953
0.8400234	0.2618065	0.3929324
0.6117970	0.2599202	0.9980304
1.4486221	0.4504783	0.6983848
0.7675179	0.2997295	0.3468196
0.5047886	0.4089044	0.4095416
0.6149054	0.1950373	0.5117496
0.3060479	0.1253688	0.6619868
0.9843886	0.2305330	0.5085442
0.7104895	0.2240912	0.3161676
0.6294560	0.3531060	0.4233340
0.5840104	0.3345061	0.9648099
1.1813374	0.4297234	1.0980633
0.7554851	0.3250754	0.4175140
0.7605716	0.4165614	0.7603446
1.0579850	0.2698969	0.4779559
0.6224571	0.2627863	0.4662760
0.3538923	0.1419167	0.1392968
0.9280924	0.5604880	0.4701727
0.7683035	0.2693933	0.2948687
0.5856585	0.3365231	0.6575141
0.9884538	0.5539057	0.4132441
0.8720846	0.1631074	0.7539511
0.9206873	0.2910340	0.9158715
0.5837386	0.2064860	0.4644122
0.8697237	0.2860210	0.7077171
0.3629389	0.2422521	0.5368139
0.9523163	0.2841094	0.5159442
0.4559609	0.2071224	0.4480962
0.4779790	0.2129117	0.3940379
0.8055478	0.2681140	0.5614839
0.5484852	0.2279606	0.5453616
0.5722130	0.5561575	0.6678263
0.9205172	0.1206724	0.4884242
0.8572232	0.2371964	0.5168282
0.6419620	0.2598978	0.4454757
0.7805509	0.3036053	0.5347554
0.6221951	0.2538398	0.5299983
1.3301167	0.3691908	0.8958437
0.8076463	0.3432317	0.5415522
0.1541177	0.2191711	0.2481905
0.6547846	0.2804834	0.3434713
0.6350694	0.3067679	0.7314393
0.5079245	0.1778937	0.4275581
0.7239016	0.3272279	0.4815465
0.6995670	0.3661814	0.3596264
1.0506548	0.2458127	0.3835212
1.3025681	0.2484913	0.7908445
0.7815205	0.2957084	0.5590523
0.4152837	0.2437828	0.3681727
0.7821970	0.2714955	0.2667323
0.7099428	0.2503198	0.2937687
0.1814624	0.3244513	0.6688723
0.8012266	0.2890943	0.5365068
1.2133066	0.5032332	0.6808188
0.6732207	0.2146527	0.4081548
1.0666721	0.3533247	0.6154369
0.6152134	0.2129339	0.4462659
1.2670003	0.5351810	0.7372491
0.3728638	0.2523958	0.9305539
0.8260542	0.3019543	0.5636238
0.7542047	0.3600584	0.4170149
0.5871865	0.1881485	0.9158150
0.3773444	0.2288276	0.3548672
1.0319112	0.2409923	0.7339307
0.8223841	0.2832753	0.6072146
0.4409343	0.1066899	0.6570838
0.5216873	0.3680325	0.5037100
0.7398534	0.3391363	0.7727077
0.7686229	0.2683545	0.6025239
0.6851977	0.3472118	0.9005657
0.6696057	0.3663224	0.4875836
0.7334955	0.2152908	0.5442202
0.9725171	0.2068073	0.4694832
0.7551013	0.1191818	0.2613034
0.9277775	0.5258531	0.6075337
0.6037125	0.2294984	0.3860987
0.7256098	0.2882590	0.5183642
0.8517871	0.2165892	1.1643037
0.6338837	0.2648586	0.8773598
0.6477900	0.3165670	0.7375337
0.8793375	0.2935785	0.5642194
0.7440239	0.3258842	0.4830915
0.5434542	0.3736691	0.6087491
0.9654783	0.3485928	0.6677479
0.9460815	0.2605547	0.5854395
0.5863009	0.2877562	0.5761422
0.8953540	0.2983013	1.0436306
0.4386431	0.2476167	0.4165052
0.6021797	0.3287284	0.7646726
0.5784803	0.3279822	0.4130224
0.6912958	0.1555783	0.4163471
1.0438297	0.3842504	0.8073527
1.0827628	0.5790568	0.8742283
0.4105646	0.2385075	0.3919515
0.5918205	0.3180006	0.4576117
0.6085800	0.1604863	0.6598652
1.1179743	0.4526388	0.7555464
0.8524902	0.3853463	0.8765375
1.3669570	0.3398253	0.6486665
0.8435533	0.1620749	0.4895732
0.9518084	0.3675176	0.4150740
0.5461574	0.1660491	0.7896301
0.5179305	0.2423220	0.6461566
0.4770288	0.2562841	0.4295043
0.8174799	0.3343113	0.6756968
0.5307487	0.2726108	0.5154401
0.6345955	0.3295055	0.7404217
1.0015820	0.2856095	0.5708126
1.0521919	0.2745191	0.6628228
1.0186159	0.2712088	0.5381681
0.2618495	0.2990558	0.4253522
0.8272887	0.5180038	0.7374212
0.8611621	0.4646550	1.6005014
0.7901731	0.2792086	0.4465094
0.7548187	0.3187046	0.9664723
0.6196560	0.1495817	0.4575872
0.4786710	0.3238773	0.8369075
0.6677503	0.2433683	0.2786972
0.5305267	0.2924335	0.3986345
0.4618104	0.2417284	0.4135850
1.2406203	0.3504452	0.3414302
0.9095372	0.8584295	0.7924467
0.5154814	0.5718292	1.1344268
0.3865100	0.1267019	1.0010483
0.9209672	0.2388496	0.6731600
0.8912288	0.2568158	1.2686930
0.2364893	0.2062364	0.2918060
1.1556063	0.3584744	1.0978931
0.5229744	0.2336934	0.3411803
1.1415401	0.6391101	0.7698911
0.3727513	0.1546449	0.3626233
0.6325929	0.3101797	0.5838447
0.7650082	0.1818213	0.4618464
0.3538928	0.2317642	0.2276761
0.5669142	0.2839484	0.8008050
0.5901884	0.2426312	0.2259178
0.8614535	0.3080872	0.5976296
1.3954118	0.4966303	0.6835630
0.8717879	0.4596493	0.5073222
0.8544492	0.4131394	1.3460266
0.9292521	0.4452022	0.8811126
0.6254353	0.3492028	0.4494419
0.6046954	0.1409413	0.8829753
0.9648516	0.4587399	0.8646131
0.9332034	0.3211595	0.6808968
0.5709091	0.1791538	0.2141012
0.1647590	0.1527816	0.3057647
0.7632984	0.4518923	0.5835187
1.2138669	0.4401383	0.9516606
0.8170730	0.1923481	0.4886549
0.8737064	0.3524186	0.7071473
0.8825888	0.2723811	0.4283306
0.9594087	0.3415394	0.7456290
0.5726177	0.2184117	0.3343328
0.9175566	0.5232748	0.2212577
0.6004756	0.3322833	0.8263770
0.6094154	0.2269168	0.4485481
0.4010479	0.1422777	0.4349249
0.9391870	0.3922903	0.8579663
1.0721140	0.2674192	0.8077300
1.0434111	0.4739307	1.3174917
0.3253596	0.1462311	0.1545696
0.8794191	0.4411312	0.5349274
1.0042517	0.6758161	0.5867327
0.4785851	0.2634567	0.5523919
0.9886322	0.2869884	0.4129860
0.4007614	0.4031117	0.6084750
1.3852539	0.3895665	0.4543294
0.7377356	0.3354792	0.5820483
0.6763423	0.3181138	0.5451381
0.7542408	0.4352960	0.6677542
0.5209301	0.2332226	0.3363443
0.5368137	0.3146187	0.5399037
0.2490923	0.1974329	0.1909556
0.8711268	0.1235184	0.5228353
0.7605564	0.2714051	0.7004821
1.0256587	0.2595670	0.5874230
0.7420628	0.3629215	0.5780760
0.7086913	0.3452487	0.5716940
0.8189223	0.3154747	0.7533668
0.3826303	0.2569389	0.4539179
0.6213600	0.4052713	0.6907582
1.4732995	0.4372471	0.8078007
0.5321297	0.2118564	0.3610865
0.7586272	0.4643567	0.3101517
1.4228669	0.6039769	0.9060050
1.3433206	0.3058314	0.8498945
0.5444727	0.2476485	1.0460550
1.2120046	0.2494501	0.7147524
1.2771201	0.5715040	0.9867159
0.5651438	0.2650377	0.7565171
0.9129723	0.2426225	0.6192227
0.4713269	0.1623578	0.4903876
0.7732708	0.2548437	0.5219622
0.3881351	0.1872220	0.2708808
0.5896724	0.4499741	0.8306954
0.7525629	0.2672766	0.5073844
0.2459528	1.0975512	0.4723110
0.8456111	0.3351355	0.6414533
0.9732558	0.3467197	0.7164705
0.6110342	0.2513783	0.4238900
0.6031200	0.1496144	0.5857022
1.0082333	0.3390233	0.6347384
0.8391010	0.3662337	0.4590565
0.9113707	0.1968752	0.5403525
1.1067237	0.3140036	0.6291627
0.5107330	0.3254580	0.6344967
0.5016213	0.4642369	0.6282492
0.9747242	0.2583922	0.7486945
0.4640061	0.3790811	0.4268083
0.7052922	0.2914559	0.4108413
0.7774230	0.3901694	0.5741804
0.6775747	0.3758123	0.4943970
0.9312086	0.2475564	0.5490363
0.9347886	0.3898339	0.7457458
0.7179694	0.3143796	0.7959587
0.7216102	0.3851267	0.3022580
0.8908230	0.4427645	0.6717296
1.2566688	0.2352586	0.4558727
0.7804294	0.4318559	0.4648099
0.6451404	0.1952024	0.5272287
1.5043633	0.3519681	1.1534987
0.4809282	0.5457806	0.5805821
0.8652844	0.2423751	0.5630820
0.4861582	0.1919584	0.3001760
0.7598097	0.2363545	0.4921304
0.9771066	0.2580418	0.5501552
0.9003177	0.2921484	1.2594853
0.9204826	0.4516710	0.4252710
0.7177943	0.3811347	0.5891830
0.8939316	0.3895361	0.9270320
0.6234125	0.2361916	0.7930005
0.4777736	0.1108212	0.2066251
0.6563813	0.1669774	0.3141825
1.0237309	0.2061946	0.5488938
0.7733330	0.3902416	0.3391636
1.2887204	0.3888494	0.8448446
0.6108154	0.3003921	0.6488132
0.8855195	0.2971972	0.9395229
0.9245256	0.4011376	0.8142174
0.6086423	0.3278545	0.3805455
1.1379618	0.3444460	0.4781104
0.5271571	0.2107154	0.7232285
1.2185915	0.3061228	0.3888048
0.7464759	0.1934843	0.6190554
0.6359409	0.5069393	1.0805289
0.6766805	0.2280660	0.6812739
1.0516540	0.3674549	1.1997278
0.8787924	0.3517600	0.8230609
0.7495872	0.4086920	0.5372141
0.5558278	0.2617340	0.4517946
0.8734013	0.3402458	0.6852633
0.9039570	0.2740989	0.7123287
1.0682573	0.3541408	0.6152324
0.8152763	0.2757264	0.6630740
0.9962976	0.4587798	0.5315943
0.6114408	0.3587590	0.3773221
0.8021971	0.3027354	0.2928217
1.6212992	0.3605981	0.8040600
0.5733679	0.2930425	0.4165416
0.3818504	0.1400872	0.3934066
0.8018852	0.3523574	1.0298052
0.8117907	0.3807670	0.8585708
1.0313510	0.6285127	0.9647072
0.9017594	0.2578999	0.6637626
0.9200702	0.1900766	0.4692094
0.8896527	0.4637786	0.4114834
0.2055237	0.1917701	0.6689635
0.9037874	0.2721728	0.5758304
0.4125189	0.2091344	0.3482991
0.8416030	0.2873386	0.5256733
0.7713761	0.2321721	0.6969142
0.5219110	0.3234416	0.4534236
0.8526257	0.2451720	0.4735284
0.8209254	0.2408525	0.5857467
0.8209580	0.3013180	0.5733959
0.8582795	0.2478609	1.0138896
0.6654421	0.3394009	0.4067063
0.8899948	0.3730776	0.5084480
0.2219587	0.1724499	0.2156958
0.9156559	0.4703271	0.4040425
0.4148195	0.2680656	0.3609341
0.8582674	0.2887279	0.9385332
0.5306963	0.3485951	0.5809051
0.9995480	0.5153530	0.9177046
0.5876650	0.3183502	0.3533596
1.0196158	0.4539506	0.3324031
0.9592381	0.4577446	0.5533641
1.0134304	0.2611862	0.7555961
0.3921017	0.4282167	0.3230662
0.4516921	0.4167282	0.4440024
0.9558199	0.4093019	0.8067666
1.0345695	0.4564405	1.0543416
0.5254991	0.4167989	1.4259225
0.6071129	0.1973510	0.9172565
0.7270485	0.3003177	0.5896331
0.8906118	0.4193022	0.5528219
0.8164369	0.3985990	0.5260383
0.8616968	0.2429116	0.4174100
0.2171113	0.3950486	0.5248500
0.6128107	0.3319578	0.7022082
0.7702014	0.3911911	0.5982040
0.5511625	0.2018097	0.3470262
0.5511659	0.2346478	0.4644967
0.9117134	0.2811054	0.5250695
0.5916274	0.3731337	0.3664975
1.5541486	0.3327910	0.5028578
0.4918001	0.1353832	0.1876126
0.6844909	0.2635690	0.4170073
0.6756044	0.3619352	0.5599279
0.7672297	0.3336436	0.8471984
0.6826020	0.1776469	0.6617520
0.7547635	0.2987387	0.6212697
0.7122364	0.2483055	0.4728712
0.6809397	0.3123553	0.4544803
0.6163297	0.3617216	0.6336367
1.2687380	0.3034604	0.3710986
1.3820679	0.3328210	0.6677816
0.3944344	0.3017447	0.8410977
0.4371130	0.1398124	0.3059709
0.6863025	0.5823292	0.4456933
0.9100346	0.4252495	0.8012488
0.5407480	0.2960907	0.4178690
0.6126146	0.3651584	0.8150573
0.6634090	0.2319869	0.5458301
0.3676331	0.1519406	0.3097989
0.6806972	0.4086768	0.5099199
0.9418787	0.2261000	1.0338663
0.3034953	0.5372634	0.2737037
0.5714388	0.3648927	0.4196456
0.5333350	0.2468878	0.3362243
0.7617562	0.3532212	0.7637123
0.7044560	0.5206196	0.7037420
0.8459713	0.3795145	0.8586976
0.8867991	0.2491956	0.5184775
0.7275417	0.3258086	0.5659309
0.6519435	0.3028809	0.6578610
1.3214153	0.2474841	0.3731473
0.5778646	0.3475744	0.3596145
0.5235407	0.3883291	0.4709155
0.7160736	0.4309577	0.8127950
0.8004128	0.4036634	0.4666320
0.8781520	0.3377559	0.5685374
1.2917515	0.4310380	0.8472919
0.6519688	0.3000723	0.5276777
0.6454668	0.2309019	0.7820347
0.3946489	0.2389024	0.3949751
0.4963954	0.2152276	1.2231667
0.4022497	0.3263637	0.8161060
1.1124055	0.4590709	0.8620538
0.1856314	0.1606608	0.4373249
0.8521988	0.2153903	0.7039725
0.7465589	0.3496439	0.4381025
1.0514981	0.2825805	0.4368231
0.9052894	0.5538651	0.9621322
0.5052433	0.2428039	0.2468177
0.6241666	0.2530765	0.3853201
0.6131879	0.2949253	0.3298627
0.8089666	0.4778905	0.6262693
1.2346898	0.3318623	0.6234543
0.6033432	0.1397817	0.6391704
1.1403570	0.3873284	0.6364766
0.4356991	0.4530507	0.4261676
0.5771203	0.1557516	1.2027142
0.6100791	0.2189208	0.4299256
1.4876841	0.2218065	0.5505792
0.5043666	0.1565064	0.4365380
1.3321600	0.3189936	0.4666739
0.4964554	0.2637878	0.5478598
0.5151222	0.4239173	1.0377255
0.8758223	0.5290891	0.6798988
0.8504880	0.2781252	0.4829175
0.7593365	0.2972409	0.6899899
1.2997446	0.2335627	0.7214277
0.9389998	0.3012254	0.7623052
0.8440011	0.1664895	0.3831534
0.7401113	0.3421215	0.9277090
0.8271349	0.3280824	0.6113002
0.7455277	0.3149144	0.5163079
0.5641740	0.6687135	0.6564062
0.6305439	0.4265522	0.4373806
1.5139939	0.3033184	0.4371659
0.7402130	0.3094381	0.5988811
0.5018207	0.2493298	0.5188833
1.6023298	0.3892269	0.4441681
0.6281504	0.4543466	0.6689972
0.9088094	0.1989132	1.0364441
0.5755086	0.5233266	0.5443084
0.2874269	0.2568288	0.3660669
0.3650588	0.3547445	0.5633424
0.9332311	0.3766903	0.5006294
0.9761950	0.2582225	0.6020962
0.7429182	0.3939456	0.6765628
1.3483572	0.3576585	0.6288865
0.6472147	0.2828370	0.3409417
0.7298523	0.1918541	0.3401657
0.5898580	0.2287334	0.5108456
0.6565242	0.3002995	0.3624671
1.0799428	0.3953240	0.8044400
0.8104171	0.1909406	0.3766405
0.9490862	0.4730966	0.7662189
0.5957336	0.3397534	0.8862741
0.4865904	0.2822907	0.4687297
1.1169591	0.4110904	0.5606421
0.8476879	0.4820626	0.3692360
0.4168697	0.4442548	0.3076156
1.0082334	0.1907526	0.5423071
0.8384405	0.1895092	0.4881986
