7.424968e-01	3.205864e-01	6.865770e-01
3.823910e-01	3.991032e-01	3.418429e-01
1.084014e+00	5.002004e-01	9.003012e-01
4.569827e-01	3.068767e-01	1.146730e+00
7.508194e-01	4.912325e-01	5.120767e-01
1.015253e+00	4.414906e-01	7.646869e-01
5.523447e-01	2.605190e-01	7.305448e-01
9.492370e-01	2.671257e-01	1.540518e+00
6.387810e-01	2.995769e-01	8.821219e-01
7.068457e-01	3.347848e-01	3.974796e-01
9.484653e-01	2.208988e-01	6.213011e-01
4.123320e-01	3.569571e-01	3.485450e-01
9.164954e-01	2.495535e-01	6.369640e-01
1.206979e+00	2.702520e-01	5.525204e-01
1.794820e+00	5.776398e-01	5.880142e-01
8.791424e-01	3.415016e-01	8.376581e-01
1.085488e+00	3.463112e-01	4.589701e-01
5.829705e-01	3.265970e-01	7.839569e-01
5.761279e-01	4.428384e-01	8.423118e-01
9.538222e-01	4.440088e-01	6.232039e-01
7.747490e-01	2.639911e-01	8.927173e-01
5.042392e-01	3.156271e-01	5.908212e-01
1.012347e+00	2.794828e-01	1.260280e+00
9.568917e-01	3.818368e-01	8.600895e-01
1.365802e+00	3.493236e-01	5.502311e-01
8.242920e-01	3.250527e-01	7.038697e-01
4.965151e-01	2.025545e-01	6.319935e-01
6.405649e-01	1.981112e-01	4.930105e-01
8.249291e-01	4.134909e-01	5.772550e-01
2.044440e+00	2.107112e-01	7.176928e-01
9.291970e-01	1.913163e-01	3.196121e-01
7.092557e-01	2.361537e-01	7.545761e-01
1.697822e+00	1.553626e-01	1.781034e-01
2.726468e-01	3.374464e-01	1.071541e+00
1.022171e+00	4.447627e-01	1.132423e+00
6.063317e-01	2.777566e-01	4.894202e-01
1.117025e+00	7.334239e-01	9.455922e-01
7.865278e-01	2.928605e-01	4.929254e-01
1.603764e+00	3.789799e-01	8.877282e-01
1.257564e+00	2.233538e-01	9.439772e-01
9.394724e-01	2.989306e-01	6.297562e-01
1.180943e+00	4.084151e-01	7.423044e-01
5.987744e-01	3.088800e-01	4.891733e-01
1.171222e+00	3.183295e-01	2.041278e-01
5.428429e-01	5.987837e-01	6.332717e-01
9.004399e-01	3.267484e-01	5.923893e-01
1.485038e+00	2.054607e-01	4.714495e-01
1.427160e+00	3.252128e-01	5.790557e-01
1.135988e+00	2.338832e-01	3.922082e-01
7.122649e-01	3.798358e-01	7.641810e-01
8.486943e-01	2.795889e-01	3.812489e-01
7.884180e-01	2.442232e-01	6.817940e-01
9.564810e-01	4.172489e-01	6.733277e-01
9.209783e-01	3.480192e-01	5.316772e-01
8.703179e-01	3.073675e-01	5.909414e-01
2.578102e+00	4.270139e-01	9.147097e-01
1.148559e+00	2.788781e-01	5.367632e-01
9.209781e-01	3.546918e-01	8.784515e-01
4.321592e-01	1.630069e+00	8.535904e-01
5.831706e-01	2.242745e-01	4.217400e-01
9.875835e-01	2.481558e-01	5.878374e-01
1.367123e+00	3.252067e-01	5.322779e-01
6.427598e-01	3.145569e-01	5.862914e-01
4.958457e-01	2.656715e-01	4.454660e-01
2.840459e+00	1.314243e-01	4.149608e-01
5.329926e-01	5.617330e-01	8.100668e-01
1.014984e+00	3.379333e-01	5.909233e-01
1.120196e+00	3.395693e-01	3.883679e-01
1.035619e+00	3.109747e-01	5.649342e-01
8.439538e-01	3.047486e-01	4.459772e-01
1.166127e+00	3.525256e-01	6.761141e-01
2.051435e+00	2.701751e-01	4.160268e-01
7.232430e-01	3.195620e-01	7.091174e-01
8.915414e-01	3.378721e-01	5.361537e-01
1.268085e+00	4.998724e-01	6.572370e-01
1.250805e+00	4.699202e-01	8.234645e-01
9.600427e-01	3.461274e-01	1.296121e+00
2.862737e-01	2.202893e-01	1.518796e+00
8.457056e-01	2.282163e-01	4.263395e-01
1.025806e+00	2.283245e-01	7.555124e-01
6.896230e-01	2.892627e-01	5.684290e-01
1.054974e+00	3.526039e-01	1.335354e+00
1.199217e+00	3.843299e-01	6.174193e-01
1.189860e+00	2.853465e-01	7.761622e-01
8.845844e-01	4.107660e-01	1.421487e+00
1.239129e+00	2.313348e-01	4.839509e-01
1.188400e+00	3.822343e-01	3.813799e-01
4.333498e-01	3.130655e-01	4.321601e-01
1.030258e+00	2.183779e-01	7.519488e-01
9.181074e-01	4.229426e-01	8.665368e-01
1.447504e+00	5.320580e-01	1.021370e+00
7.374287e-01	3.465951e-01	6.945348e-01
7.578183e-01	2.099147e-01	8.528179e-01
9.570152e-01	3.769001e-01	4.220394e-01
5.157051e-01	2.177538e-01	4.909127e-01
3.802252e-01	2.838509e-01	7.103029e-01
7.129272e-01	2.739059e-01	5.905551e-01
9.438231e-01	3.322787e-01	5.283651e-01
7.383481e-01	3.456064e-01	4.469173e-01
5.674868e-01	2.959807e-01	8.033867e-01
6.821774e-01	3.311873e-01	1.512818e+00
1.321797e+00	2.250984e-01	4.908127e-01
7.204331e-01	2.174040e-01	9.815727e-01
9.421389e-01	5.501474e-01	8.304173e-01
6.410519e-01	3.064695e-01	3.664075e-01
1.174830e+00	3.137088e-01	8.923618e-01
5.886711e-01	3.606710e-01	8.451259e-01
9.088892e-01	2.811915e-01	9.092816e-01
1.422636e+00	6.684640e-01	7.569584e-01
1.740442e+00	4.217796e-01	7.202131e-01
5.500980e-01	4.075480e-01	7.106454e-01
8.470237e-01	3.681348e-01	1.220049e+00
9.808346e-01	2.761860e-01	3.182656e-01
8.300888e-01	3.254550e-01	9.664750e-01
5.307679e-01	2.453152e-01	7.287996e-01
7.084104e-01	3.083647e-01	8.249903e-01
7.887872e-01	3.878300e-01	5.755879e-01
5.340486e-01	3.440428e-01	4.638404e-01
1.328523e+00	3.631440e-01	5.213438e-01
7.561667e-01	1.790445e-01	4.247851e-01
1.257663e+00	2.962161e-01	6.719713e-01
6.942333e-01	5.261972e-01	4.641838e-01
6.724509e-01	2.006196e-01	5.476756e-01
8.572068e-01	2.300026e-01	2.764001e-01
8.151487e-01	2.437013e-01	7.861727e-01
3.530589e-01	3.655873e-01	1.468801e+00
7.112677e-01	4.934961e-01	1.352771e+00
6.296230e-01	6.012559e-01	6.097750e-01
8.800789e-01	4.280511e-01	8.682362e-01
5.074288e-01	2.139177e-01	5.028140e-01
8.758161e-01	2.332370e-01	4.158588e-01
7.438715e-01	2.381845e-01	6.389244e-01
1.495296e+00	4.878427e-01	4.264814e-01
8.482666e-01	2.025652e-01	5.999050e-01
7.112779e-01	1.299296e-01	7.248873e-01
5.520779e-01	1.622231e-01	3.699789e-01
9.057718e-01	3.452593e-01	9.452460e-01
5.569410e-01	2.098085e-01	6.185475e-01
9.519013e-01	3.866940e-01	7.184650e-01
8.331999e-01	3.250921e-01	8.066531e-01
7.851660e-01	4.296964e-01	3.276161e-01
1.960045e+00	4.621642e-01	6.026897e-01
5.770447e-01	7.136719e-01	1.336900e+00
6.787007e-01	3.191315e-01	7.349390e-01
4.560907e+03	2.349292e-01	3.481789e-01
1.314637e+00	4.460233e-01	5.497780e-01
1.324993e+00	7.917484e-01	7.652177e-01
5.764940e-01	2.543341e-01	2.722158e-01
7.770472e-01	2.374353e-01	3.556122e-01
4.721556e-01	2.853079e-01	8.382206e-01
2.763471e-01	3.703315e-01	4.144671e-01
3.830469e-01	2.609845e-01	5.956030e-01
5.371668e-01	2.826046e-01	4.229539e-01
1.290604e+00	4.129900e-01	8.688958e-01
4.447498e+00	2.927672e-01	3.575501e-01
5.757474e-01	2.723338e-01	3.491076e-01
7.681173e-01	1.803058e-01	6.262281e-01
1.301953e+00	2.222579e-01	7.145060e-01
3.981567e+00	3.209574e-01	9.790165e-01
4.001018e-01	2.395995e-01	6.491647e-01
3.877044e+00	1.476757e-01	7.214028e-01
1.419949e+00	4.077361e-01	7.822095e-01
5.760308e-01	3.881568e-01	4.392601e-01
9.065824e-01	4.503051e-01	1.788561e+00
2.536295e+00	3.639957e-01	5.194961e-01
7.864626e-01	3.343232e-01	4.843747e-01
7.693917e-01	3.620747e-01	6.441503e-01
4.397762e-01	5.535267e-01	7.687188e-01
4.815098e-01	2.658234e-01	1.849950e+00
1.019653e+00	2.857244e-01	7.026865e-01
1.082305e+00	3.566347e-01	6.451373e-01
8.286774e-01	2.173404e-01	4.960997e-01
9.206160e-01	3.546673e-01	6.856209e-01
1.253117e+00	2.306513e-01	3.249833e-01
6.841889e-01	3.486335e-01	6.506857e-01
1.232381e+00	3.874600e-01	8.325265e-01
9.551516e-01	2.648981e-01	8.765274e-01
1.260320e+00	1.839351e-01	3.357173e-01
2.068012e+00	2.950621e-01	6.903671e-01
6.577021e-01	3.015610e-01	7.298091e-01
8.577720e-01	3.358667e-01	7.431962e-01
7.751830e-01	3.035897e-01	7.685170e-01
4.724079e-01	2.861637e-01	5.573695e-01
8.211718e-01	2.586935e-01	9.010051e-01
7.745795e-01	2.441729e-01	4.879099e-01
8.469557e-01	3.053374e-01	7.096718e-01
9.899635e-01	4.618518e-01	9.003948e-01
7.686142e-01	3.573702e-01	7.895580e-01
1.156477e+00	3.082845e-01	9.882517e-01
8.151984e-01	3.004110e-01	5.780572e-01
8.926384e-01	6.664581e-01	5.954930e-01
1.289407e+00	2.942734e-01	1.047922e+00
5.923522e-01	2.512827e-01	5.189011e-01
5.815059e-01	2.824415e-01	3.972755e-01
6.096963e-01	2.721518e-01	5.532781e-01
1.311825e+00	3.120626e-01	4.534819e-01
1.364583e+00	3.048735e-01	7.527464e-01
1.095205e+00	3.455254e-01	5.160589e-01
7.084182e-01	2.756594e-01	3.584464e-01
7.081312e-01	3.924717e-01	9.697514e-01
9.783209e-01	3.053524e-01	6.398410e-01
5.762629e-01	2.137776e-01	1.762630e+00
8.931752e-01	4.178133e-01	7.429844e-01
1.126093e+00	2.967182e-01	1.482735e+00
9.786507e-01	3.288016e-01	8.111046e-01
5.870613e-01	3.455944e-01	4.269198e-01
1.471554e+00	3.190830e-01	6.664025e-01
1.220671e+00	4.771839e-01	3.963233e-01
5.903678e-01	2.616569e-01	6.596526e-01
4.281615e-01	3.306446e-01	5.863895e-01
1.469609e+00	2.951922e-01	7.586663e-01
7.113920e-01	4.265021e-01	5.036340e-01
7.282593e-01	3.437711e-01	5.102589e-01
7.641776e-01	2.809677e-01	6.209767e-01
8.226309e-01	1.958708e-01	3.860713e-01
1.665647e+00	1.651892e-01	4.458247e-01
1.501616e+00	5.470412e-01	1.731191e+00
9.755273e-01	3.360842e-01	5.289096e-01
1.160462e+00	4.852965e-01	1.028175e+00
1.310623e+00	2.452142e-01	4.816022e-01
6.641887e-01	4.363868e-01	1.042315e+00
6.350225e-01	3.701033e-01	7.620593e-01
5.956108e-01	2.638189e-01	8.277832e-01
8.785196e-01	2.415812e-01	7.030216e-01
1.093594e+00	3.449110e-01	4.853070e-01
4.396122e-01	2.897959e-01	1.136333e+00
9.714787e-01	8.060897e-01	4.271586e-01
9.351517e-01	4.273249e-01	5.890832e-01
9.259134e-01	5.167640e-01	4.293515e-01
8.228219e-01	3.049767e-01	4.684797e-01
9.293689e-01	1.869917e-01	5.987641e-01
9.553888e-01	3.352775e-01	9.214713e-01
7.544191e-01	2.280241e-01	5.149451e-01
1.317174e+00	2.464597e-01	4.782117e-01
9.448393e-01	2.191470e-01	6.238126e-01
1.131863e+00	2.767797e-01	5.141912e-01
4.235070e-01	3.582571e-01	4.430685e-01
1.083364e+00	2.318347e-01	8.038778e-01
6.154464e-01	2.557125e-01	7.051444e-01
5.830618e-01	1.762319e-01	5.844622e-01
1.059281e+00	3.633483e-01	1.430131e+00
7.205473e-01	2.082101e-01	3.546099e-01
8.706996e-01	3.269802e-01	5.421356e-01
8.134999e-01	3.128419e-01	8.645927e-01
6.560361e-01	2.785198e-01	9.076484e-01
1.135034e+00	2.440903e-01	5.346409e-01
7.273749e-01	2.984218e-01	2.659590e-01
1.106192e+00	3.029577e-01	7.217782e-01
1.242478e+00	3.675927e-01	3.645923e-01
1.083667e+00	4.077334e-01	6.015351e-01
1.114620e+00	4.227300e-01	1.025370e+00
6.095297e-01	2.800002e-01	5.979028e-01
6.016079e-01	2.839596e-01	6.664036e-01
6.424743e-01	4.529629e-01	6.190870e-01
8.463022e-01	3.894422e-01	6.054573e-01
1.426371e+00	1.714435e-01	5.550109e-01
4.341688e+00	2.893776e-01	5.128517e-01
8.536161e-01	3.304879e-01	4.384234e-01
1.617528e+00	3.519204e-01	9.256293e-01
1.560755e+00	4.513559e-01	5.291022e-01
1.860097e+00	2.491581e-01	6.954735e-01
8.227171e-01	2.820241e-01	5.140092e-01
8.617765e-01	2.883571e-01	6.963300e-01
1.039896e+00	3.590073e-01	1.109574e+00
9.373323e-01	3.448900e-01	6.603595e-01
6.148301e-01	2.495163e-01	5.355028e-01
7.788124e-01	2.653258e-01	1.229885e+00
7.799414e-01	3.124633e-01	8.726206e-01
6.355813e-01	2.689303e-01	5.700777e-01
7.051850e-01	2.566334e-01	5.117756e-01
7.476940e-01	6.787752e-01	5.630621e-01
7.858543e-01	3.377940e-01	6.160983e-01
9.804297e-01	3.597015e-01	9.300003e-01
7.328233e-01	4.065229e-01	2.342661e-01
5.685834e-01	3.227413e-01	4.168773e-01
7.988919e-01	1.927546e-01	7.096818e-01
3.524076e+01	1.763366e-01	5.853327e-01
8.286490e-01	2.287032e-01	6.460404e-01
1.667340e+00	4.838320e-01	5.648309e-01
6.074747e-01	4.487532e-01	7.533283e-01
5.200664e-01	4.297728e-01	9.257321e-01
1.035590e+00	3.003351e-01	8.185850e-01
7.517803e-01	4.029620e-01	6.630939e-01
6.219162e-01	3.875280e-01	7.314737e-01
4.928546e-01	3.035894e-01	3.881877e-01
2.473886e+00	2.528706e-01	4.808758e-01
8.906613e-01	3.209522e-01	7.588691e-01
1.259169e+00	2.725928e-01	6.618766e-01
1.345747e+00	3.618774e-01	7.991215e-01
4.915871e-01	2.532907e-01	2.304452e+00
3.185494e+00	2.977173e-01	8.267031e-01
1.304435e+00	2.802248e-01	5.975143e-01
5.744864e-01	2.742178e-01	8.578403e-01
5.196798e-01	3.145262e-01	5.476436e-01
8.766340e-01	3.538465e-01	4.609795e-01
5.165626e-01	3.862602e-01	4.327978e-01
9.959622e-01	4.687510e-01	8.292638e-01
9.908834e-01	4.604258e-01	1.117457e+00
5.882669e-01	3.938054e-01	3.623070e-01
8.342988e-01	2.407405e-01	6.507296e-01
1.181706e+00	2.930249e-01	1.508700e+00
5.283933e-01	2.980047e-01	5.479603e-01
7.191276e-01	3.294392e-01	9.295315e-01
1.301850e+00	4.844491e-01	1.260278e+00
9.838584e-01	1.432044e-01	7.238856e-01
7.121816e-01	2.824063e-01	2.938388e-01
4.418254e-01	3.750455e-01	5.812234e-01
9.570454e-01	4.339925e-01	6.972755e-01
5.023687e-01	3.243753e-01	5.743816e-01
1.210475e+00	3.400990e-01	1.332973e+00
7.807232e-01	2.122898e-01	6.622518e-01
1.297062e+00	5.401875e-01	5.019574e-01
7.660438e-01	3.590390e-01	6.651695e-01
8.839563e-01	3.590411e-01	1.212764e+00
7.247350e-01	2.585004e-01	3.650956e-01
1.157047e+00	2.365147e-01	7.226090e-01
9.693492e-01	3.079673e-01	7.626158e-01
7.724998e-01	3.527704e-01	5.974468e-01
5.445891e-01	3.233894e-01	6.252070e-01
2.396109e-01	2.485503e-01	9.548729e-01
8.941622e-01	4.405934e-01	4.058116e-01
8.990154e-01	3.683707e-01	6.124387e-01
8.689074e-01	1.260401e-01	6.503249e-01
2.607685e+00	3.242830e-01	1.067012e+00
6.616319e-01	2.330460e-01	2.969408e-01
3.411266e+00	1.341893e-01	4.397262e-01
1.084865e+00	2.614230e-01	9.807152e-01
9.335267e-01	2.271237e-01	3.054809e-01
9.463487e-01	2.168056e-01	3.619201e-01
7.574835e-01	3.150249e-01	4.920541e-01
3.364093e-01	2.223912e-01	5.631556e-01
9.991449e-01	2.122987e-01	1.070936e+00
1.053447e+00	2.792087e-01	5.724729e-01
1.339619e+00	4.218006e-01	8.490451e-01
5.969755e-01	2.955736e-01	7.117157e-01
9.000601e-01	3.989607e-01	7.476781e-01
9.202818e-01	2.733278e-01	5.034584e-01
8.092864e-01	2.534350e-01	5.007274e-01
6.309237e-01	2.245256e-01	7.586408e-01
8.338422e-01	2.667262e-01	7.370158e-01
1.163008e+00	2.461769e-01	4.048606e-01
1.301929e+00	4.193930e-01	9.237743e-01
6.855706e-01	3.234813e-01	5.067471e-01
1.590963e+00	1.073766e-01	3.173474e-01
1.353085e+00	3.088049e-01	7.946812e-01
1.316846e+00	3.048647e-01	4.954793e-01
7.759634e-01	3.995474e-01	6.772166e-01
4.660154e-01	4.227924e-01	4.676946e-01
1.113597e+00	4.652492e-01	6.035072e-01
1.486489e+00	3.707559e-01	7.671383e-01
8.937164e-01	3.337250e-01	6.201654e-01
6.486309e-01	2.477630e-01	3.697410e-01
7.844498e-01	3.252112e-01	6.572968e-01
1.098212e+00	4.120682e-01	4.303230e-01
9.245158e-01	4.091745e-01	8.315242e-01
1.013111e+00	5.106040e-01	1.041852e+00
8.919803e-01	2.789166e-01	6.125500e-01
1.538714e+00	2.615239e-01	9.312476e-01
8.077117e-01	2.326610e-01	6.762849e-01
3.599270e+00	2.933053e-01	5.027870e-01
1.043604e+00	4.541351e-01	1.169227e+00
2.255004e-01	2.842689e-01	6.374216e-01
6.602269e-01	2.185510e-01	7.006707e-01
1.005082e+00	2.624515e-01	5.335289e-01
7.026424e-01	1.813170e-01	6.593665e-01
8.501815e-01	3.026952e-01	6.489931e-01
1.258588e+00	2.178571e-01	6.122669e-01
8.553069e-01	4.633796e-01	5.033575e-01
7.171104e-01	4.438295e-01	1.067842e+00
7.604193e-01	2.963158e-01	5.051880e-01
7.417189e-01	3.387424e-01	5.269267e-01
5.863695e-01	4.918081e-01	6.634825e-01
6.955960e-01	3.193118e-01	1.188562e+00
9.789568e-01	2.864522e-01	6.299167e-01
7.444302e-01	2.541782e-01	1.220889e+00
7.473464e-01	2.370756e-01	6.722953e-01
1.258429e+00	4.153662e-01	7.449194e-01
6.954703e-01	5.807302e-01	5.644048e-01
9.574259e-01	3.907871e-01	6.884772e-01
5.184091e-01	7.339522e-01	7.661192e-01
1.046563e+00	2.577527e-01	8.142659e-01
6.402423e-01	1.891471e-01	3.586118e-01
7.973654e-01	3.409669e-01	5.178102e-01
8.416176e-01	1.560700e-01	3.790453e-01
4.573264e-01	2.698031e-01	4.700388e-01
1.569851e+00	4.699266e-01	4.989072e-01
7.350977e-01	5.021252e-01	7.845698e-01
7.208373e-01	1.282352e-01	4.922498e-01
8.163849e-01	3.776235e-01	5.873600e-01
1.830791e-01	3.957397e-01	4.369815e+00
8.205677e-01	4.148309e-01	3.101804e-01
1.111447e+00	5.272099e-01	6.411038e-01
1.058710e+00	2.166827e-01	2.696597e-01
7.477463e-01	5.150725e-01	7.467830e-01
6.620521e-01	1.889509e-01	6.887096e-01
7.397872e-01	2.536364e-01	4.568026e-01
1.299762e+00	3.592956e-01	8.313584e-01
1.179599e+00	6.209029e-01	1.024487e+00
1.339258e+00	2.757612e-01	7.312715e-01
2.203063e+00	3.826169e-01	3.850813e-01
1.487400e+00	2.410150e-01	4.406346e-01
8.857849e-01	3.827688e-01	4.506427e-01
1.238964e+00	2.456731e-01	6.268333e-01
1.046963e+00	4.582805e-01	8.028054e-01
1.450470e+00	2.478339e-01	5.788826e-01
6.994042e-01	3.846581e-01	4.768836e-01
8.817776e-01	2.679097e-01	6.868815e-01
8.595292e-01	4.059331e-01	4.111698e-01
6.891094e-01	2.865340e-01	4.511976e-01
9.156243e-01	3.823411e-01	7.274821e-01
7.617382e-01	3.137908e-01	5.040705e-01
6.608911e-01	2.570802e-01	7.635550e-01
6.793139e-01	3.520044e-01	7.536126e-01
8.654964e-01	3.939892e-01	6.261521e-01
1.177885e+00	4.115232e-01	7.971142e-01
2.506899e+00	2.459437e-01	4.761093e-01
1.075029e+00	3.277009e-01	8.374469e-01
8.505764e-01	4.009625e-01	3.987664e-01
4.718781e-01	2.884980e-01	5.190988e-01
9.753411e-01	2.466284e-01	3.692263e-01
7.057622e-01	3.494307e-01	5.919084e-01
7.354349e-01	3.070890e-01	8.154923e-01
8.141326e-01	5.902830e-01	5.370746e-01
1.260785e+00	2.292470e-01	6.989458e-01
2.898762e-01	3.570700e-01	6.545578e-01
9.064132e-01	4.214907e-01	4.634343e-01
4.836850e-01	3.843508e-01	8.293369e-01
9.787543e-01	2.583036e-01	4.538953e-01
1.006754e+00	3.136451e-01	7.429943e-01
2.407995e+00	4.776643e-01	6.184028e-01
1.502188e+00	7.909880e-01	6.473637e-01
1.036793e+00	2.270858e-01	4.726966e-01
8.121921e-01	2.497429e-01	5.058649e-01
4.198068e-01	2.824667e-01	4.129393e-01
1.596926e+00	5.017911e-01	7.846685e-01
7.543336e-01	4.599438e-01	9.768836e-01
5.715457e-01	2.715071e-01	6.190462e-01
6.975750e-01	3.211187e-01	4.469159e-01
7.838928e-01	2.887112e-01	1.075064e+00
3.205936e-01	2.545666e-01	7.781146e-01
8.987901e-01	2.766924e-01	4.836496e-01
2.012874e+00	1.803021e-01	4.320125e-01
4.885032e-01	3.863317e-01	5.739827e-01
8.323442e-01	1.538945e-01	8.217622e-01
9.500116e-01	4.333683e-01	5.822131e-01
8.521645e-01	2.860206e-01	1.098969e+00
1.248960e+00	3.644374e-01	1.333734e+00
1.333123e+00	2.793048e-01	6.305936e-01
5.968944e-01	2.799421e-01	6.144833e-01
1.186542e+00	2.997978e-01	6.131958e-01
1.275442e+00	4.135176e-01	8.253365e-01
8.770641e-01	3.378000e-01	5.123277e-01
9.990529e-01	3.363655e-01	7.599005e-01
1.391554e+00	4.334233e-01	7.806683e-01
5.300795e-01	2.200391e-01	3.166437e-01
6.132338e-01	3.232848e-01	7.934689e-01
5.990400e-01	2.391827e-01	5.269389e-01
9.329056e-01	3.251971e-01	1.081512e+00
5.843560e-01	2.037253e-01	5.822083e-01
6.155069e-01	3.729985e-01	5.800031e-01
3.203819e-01	3.776256e-01	4.491004e-01
1.485194e+00	5.318489e-01	6.527159e-01
1.071109e+00	4.615434e-01	6.955267e-01
9.147293e-01	2.978941e-01	5.758647e-01
6.307076e-01	3.688785e-01	7.756890e-01
2.150657e+00	3.298171e-01	8.343063e-01
9.631082e+00	1.670799e-01	5.384216e-01
6.803193e-01	2.401981e-01	9.401596e-01
6.029440e-01	6.693363e-01	4.962952e-01
7.475711e-01	3.476636e-01	6.402382e-01
9.900850e-01	3.496781e-01	5.529680e-01
3.772705e-01	3.029548e-01	3.826025e-01
1.448247e+00	3.745101e-01	6.457923e-01
4.028821e-01	2.164319e-01	1.308672e+00
5.788357e-01	1.978315e-01	8.808932e-01
6.935206e-01	2.965341e-01	1.347757e+00
1.258725e+00	2.055135e-01	3.746770e-01
6.097805e-01	3.420192e-01	3.523629e-01
1.216623e-01	2.347087e-01	3.740003e-01
8.281935e-01	3.288943e-01	5.411390e-01
1.367622e+00	4.061250e-01	6.695965e-01
5.949660e-01	2.967608e-01	1.089732e+00
6.390610e-01	5.197952e-01	8.715749e-01
8.146922e-01	7.481357e-01	8.234031e-01
8.947291e-01	3.735832e-01	2.539875e-01
1.306629e+00	3.812595e-01	8.680596e-01
6.921854e-01	2.154988e-01	5.474596e-01
1.381634e+00	5.294735e-01	1.195322e+00
7.472443e-01	3.890364e-01	1.080813e+00
8.620854e-01	3.036021e-01	4.647964e-01
5.900948e-01	4.361207e-01	3.110090e-01
1.022333e+00	4.068746e-01	8.906855e-01
1.077431e+00	2.449283e-01	5.880956e-01
5.036685e-01	1.574805e-01	5.283731e-01
7.864384e-01	4.534646e-01	4.995077e-01
1.588821e+00	2.205862e-01	4.473128e-01
9.044478e-01	7.186133e-01	4.166212e-01
6.376868e-01	2.586368e-01	6.691417e-01
1.207031e+00	9.207988e-02	3.221884e+00
7.227551e-01	2.313151e-01	7.269161e-01
