0.000000
0.830034
0.401325
0.089618
0.567100
0.832723
0.751425
0.520810
0.431900
0.907750
0.954758
0.779440
0.692249
0.542827
0.881339
0.894571
0.492473
0.386895
0.436924
0.611718
0.189745
0.000149
0.243679
0.450405
0.043833
0.956300
1.199167
0.001598
0.267372
0.844626
0.830034
0.000000
0.005754
0.662806
0.841955
0.545310
0.251616
0.969809
0.755822
0.428369
0.308368
0.416103
0.576924
0.187464
0.143597
0.242640
0.463132
0.129213
1.125583
0.146264
0.030662
0.243828
0.081317
0.788159
0.213145
0.056623
0.236166
0.605582
0.030141
0.011864
0.401325
0.005754
0.000000
0.255945
0.089977
0.337109
0.051986
0.085208
0.303745
0.097836
0.137255
0.057725
0.549426
0.942122
0.184619
0.057044
0.757485
0.383912
0.123368
0.478994
0.283753
0.761275
0.564687
0.188984
1.198689
0.019893
0.028630
0.385024
0.211536
0.165019
0.089618
0.662806
0.255945
0.000000
0.488032
0.602916
0.779311
0.591706
0.402792
0.753374
0.975904
0.692407
0.468456
0.330694
0.780667
0.680073
0.343074
0.400398
0.352506
0.480984
0.132733
0.027655
0.210469
0.701907
0.001939
0.688036
1.105275
0.121473
0.215785
0.583480
0.567100
0.841955
0.089977
0.488032
0.000000
0.012202
0.177044
1.091857
0.660141
0.232311
0.641816
0.301152
0.003169
0.002848
0.066766
0.456124
0.066819
0.235189
0.215903
0.002599
0.075978
0.197200
0.139688
0.857298
0.117531
0.360470
0.870290
0.487802
0.093304
0.135118
0.832723
0.545310
0.337109
0.602916
0.012202
0.000000
0.053896
0.987845
1.088461
0.109666
1.189443
0.083824
0.069457
0.000000
0.078403
0.295277
0.365513
0.714472
0.162661
0.000124
0.303220
0.523177
0.509453
1.071027
0.354952
0.964672
1.225566
0.778377
0.368294
0.406762
0.751425
0.251616
0.051986
0.779311
0.177044
0.053896
0.000000
0.866301
0.546510
0.000604
0.722733
0.001871
0.108595
0.012720
0.000000
0.054343
0.241527
0.286037
0.447004
0.025750
0.057816
0.305983
0.140530
1.023224
0.149533
0.255547
0.752079
0.741449
0.088034
0.052260
0.520810
0.969809
0.085208
0.591706
1.091857
0.987845
0.866301
0.000000
0.020241
1.212873
0.031032
1.186190
0.826589
0.426545
0.593106
1.237679
0.534110
0.001153
0.970369
0.384591
0.011920
0.123792
0.001883
0.076624
0.151186
0.207604
0.267226
0.342990
0.015251
0.352792
0.431900
0.755822
0.303745
0.402792
0.660141
1.088461
0.546510
0.020241
0.000000
0.938611
0.111076
0.751233
1.037021
0.829426
0.685307
1.028580
0.707529
0.021116
0.609985
0.581538
0.067421
0.181013
0.024663
0.013670
0.334519
0.558453
0.400156
0.284298
0.072729
0.765996
0.907750
0.428369
0.097836
0.753374
0.232311
0.109666
0.000604
1.212873
0.938611
0.000000
0.903453
0.000403
0.217923
0.029548
0.000356
0.089290
0.380257
0.382563
0.606939
0.036763
0.110002
0.376912
0.227650
1.188735
0.236908
0.430297
1.004240
0.803666
0.137746
0.081723
0.954758
0.308368
0.137255
0.975904
0.641816
1.189443
0.722733
0.031032
0.111076
0.903453
0.000000
0.675267
1.122988
0.789128
1.167894
0.641328
1.007835
0.016126
0.591552
1.007471
0.007177
0.610245
0.003919
0.262607
0.489724
0.245322
0.129808
0.940633
0.014196
0.707736
0.779440
0.416103
0.057725
0.692407
0.301152
0.083824
0.001871
1.186190
0.751233
0.000403
0.675267
0.000000
0.154897
0.020095
0.000741
0.071496
0.257146
0.250294
0.725529
0.025646
0.066087
0.267060
0.141614
1.048580
0.163412
0.278886
0.794413
0.669274
0.082556
0.047291
0.692249
0.576924
0.549426
0.468456
0.003169
0.069457
0.108595
0.826589
1.037021
0.217923
1.122988
0.154897
0.000000
0.044083
0.199720
0.409856
0.200000
0.799037
0.043453
0.030036
0.447846
0.511512
0.647118
0.886219
0.374122
1.182004
1.140890
0.650728
0.511808
0.700627
0.542827
0.187464
0.942122
0.330694
0.002848
0.000000
0.012720
0.426545
0.829426
0.029548
0.789128
0.020095
0.044083
0.000000
0.039769
0.096466
0.350725
0.976038
0.040740
0.000149
0.909884
0.645635
1.075698
0.548848
0.616234
1.066839
0.599697
0.523522
0.898253
0.608598
0.881339
0.143597
0.184619
0.780667
0.066766
0.078403
0.000000
0.593106
0.685307
0.000356
1.167894
0.000741
0.199720
0.039769
0.000000
0.035457
0.626895
0.868555
0.187388
0.100819
0.211964
0.757572
0.488365
1.005598
0.389162
0.600318
0.850121
0.993667
0.356415
0.168681
0.894571
0.242640
0.057044
0.680073
0.456124
0.295277
0.054343
1.237679
1.028580
0.089290
0.641328
0.071496
0.409856
0.096466
0.035457
0.000000
0.447371
0.272420
0.853949
0.080642
0.087464
0.324493
0.179051
1.035730
0.253145
0.274653
0.674759
0.707677
0.092359
0.015319
0.492473
0.463132
0.757485
0.343074
0.066819
0.365513
0.241527
0.534110
0.707529
0.380257
1.007835
0.257146
0.200000
0.350725
0.626895
0.447371
0.000000
0.905589
0.003196
0.379672
0.552366
0.489695
0.751030
0.651233
0.322739
1.208731
0.958516
0.511235
0.714168
1.140371
0.386895
0.129213
0.383912
0.400398
0.235189
0.714472
0.286037
0.001153
0.021116
0.382563
0.016126
0.250294
0.799037
0.976038
0.868555
0.272420
0.905589
0.000000
0.225341
1.189955
0.055942
0.874809
0.002476
0.048387
0.862443
0.341427
0.096977
0.443819
0.116272
0.976135
0.436924
1.125583
0.123368
0.352506
0.215903
0.162661
0.447004
0.970369
0.609985
0.606939
0.591552
0.725529
0.043453
0.040740
0.187388
0.853949
0.003196
0.225341
0.000000
0.039132
0.089851
0.159346
0.144571
0.700617
0.098211
0.420905
0.860982
0.371867
0.104768
0.220626
0.611718
0.146264
0.478994
0.480984
0.002599
0.000124
0.025750
0.384591
0.581538
0.036763
1.007471
0.025646
0.030036
0.000149
0.100819
0.080642
0.379672
1.189955
0.039132
0.000000
0.469109
0.814099
0.854384
0.664617
0.472634
0.851634
0.687057
0.713720
0.777024
0.520210
0.189745
0.030662
0.283753
0.132733
0.075978
0.303220
0.057816
0.011920
0.067421
0.110002
0.007177
0.066087
0.447846
0.909884
0.211964
0.087464
0.552366
0.055942
0.089851
0.469109
0.000000
0.476937
0.084601
0.047399
1.143105
0.048529
0.002800
0.180658
0.000645
0.392214
0.000149
0.243828
0.761275
0.027655
0.197200
0.523177
0.305983
0.123792
0.181013
0.376912
0.610245
0.267060
0.511512
0.645635
0.757572
0.324493
0.489695
0.874809
0.159346
0.814099
0.476937
0.000000
0.662017
0.142414
0.105385
0.904628
0.520033
0.001812
0.827978
1.042601
0.243679
0.081317
0.564687
0.210469
0.139688
0.509453
0.140530
0.001883
0.024663
0.227650
0.003919
0.141614
0.647118
1.075698
0.488365
0.179051
0.751030
0.002476
0.144571
0.854384
0.084601
0.662017
0.000000
0.033112
1.172495
0.245723
0.045250
0.251620
0.129473
0.833387
0.450405
0.788159
0.188984
0.701907
0.857298
1.071027
1.023224
0.076624
0.013670
1.188735
0.262607
1.048580
0.886219
0.548848
1.005598
1.035730
0.651233
0.048387
0.700617
0.664617
0.047399
0.142414
0.033112
0.000000
0.170595
0.495189
0.687489
0.352684
0.071701
0.647701
0.043833
0.213145
1.198689
0.001939
0.117531
0.354952
0.149533
0.151186
0.334519
0.236908
0.489724
0.163412
0.374122
0.616234
0.389162
0.253145
0.322739
0.862443
0.098211
0.472634
1.143105
0.105385
1.172495
0.170595
0.000000
0.909640
0.405281
0.053105
1.180425
0.898309
0.956300
0.056623
0.019893
0.688036
0.360470
0.964672
0.255547
0.207604
0.558453
0.430297
0.245322
0.278886
1.182004
1.066839
0.600318
0.274653
1.208731
0.341427
0.420905
0.851634
0.048529
0.904628
0.245723
0.495189
0.909640
0.000000
0.028899
0.884974
0.050291
0.424923
1.199167
0.236166
0.028630
1.105275
0.870290
1.225566
0.752079
0.267226
0.400156
1.004240
0.129808
0.794413
1.140890
0.599697
0.850121
0.674759
0.958516
0.096977
0.860982
0.687057
0.002800
0.520033
0.045250
0.687489
0.405281
0.028899
0.000000
1.047187
0.002590
0.330445
0.001598
0.605582
0.385024
0.121473
0.487802
0.778377
0.741449
0.342990
0.284298
0.803666
0.940633
0.669274
0.650728
0.523522
0.993667
0.707677
0.511235
0.443819
0.371867
0.713720
0.180658
0.001812
0.251620
0.352684
0.053105
0.884974
1.047187
0.000000
0.296147
0.856942
0.267372
0.030141
0.211536
0.215785
0.093304
0.368294
0.088034
0.015251
0.072729
0.137746
0.014196
0.082556
0.511808
0.898253
0.356415
0.092359
0.714168
0.116272
0.104768
0.777024
0.000645
0.827978
0.129473
0.071701
1.180425
0.050291
0.002590
0.296147
0.000000
0.488049
0.844626
0.011864
0.165019
0.583480
0.135118
0.406762
0.052260
0.352792
0.765996
0.081723
0.707736
0.047291
0.700627
0.608598
0.168681
0.015319
1.140371
0.976135
0.220626
0.520210
0.392214
1.042601
0.833387
0.647701
0.898309
0.424923
0.330445
0.856942
0.488049
0.000000
