0.34752164 0.63931861 0.29673402
0.35161299 0.35876253 0.13817231
0.40939030 0.45676275 0.22356270
0.33449971 0.89826486 0.30921176
0.33775042 0.64406061 0.20375185
0.39140799 0.98581367 0.34976310
0.41369964 0.46867107 0.23131519
0.33973589 0.87524759 0.20240437
0.59423992 0.49340936 0.17296994
0.40966166 0.96908151 0.22603812
0.32927387 1.03611833 0.41712140
0.29714242 0.61302315 0.17164797
0.37346997 1.16897908 0.22152690
0.53224135 1.47940485 0.34327763
0.30431607 0.60087390 0.20050090
0.20700139 0.55560994 0.44497934
0.52868270 0.77696674 0.31886837
0.39546198 0.74571252 0.12097095
0.35771788 0.96052565 0.31780932
0.21631969 1.19335598 0.17440766
0.39549495 0.72245530 0.15230640
0.46416278 0.55804960 0.39150304
0.48904907 0.51733747 0.13431685
0.51659203 0.38326928 0.18057692
0.48252299 0.46323013 0.37645391
0.45819215 0.53331419 0.22487653
0.60665149 0.73792996 0.31511424
0.32539938 0.42649598 0.22586857
0.25651993 1.49138327 0.33479120
1.05612197 0.58091251 0.17033835
0.39661323 0.48097046 0.23448297
0.32517712 0.64409674 0.28529948
0.44779672 0.65406319 0.16197598
0.19544022 0.93463943 0.22789734
0.45918843 0.63893827 0.22867711
0.42761645 0.87655772 0.19885174
0.32517032 1.07911103 0.25507853
0.37803302 0.46449609 0.20206416
0.61729928 0.66788278 0.24409174
0.30361126 0.37826404 0.30626616
0.34567022 0.21362507 0.22512761
0.33703685 1.13996611 0.20431829
0.33578536 0.42969117 0.27154780
0.29747846 0.62239088 0.12777704
0.42086628 0.68382004 0.38652715
0.37268925 0.70576997 0.24678973
0.56184302 0.80560304 0.19264690
0.25124922 0.24763691 0.21434712
0.47662848 0.72020375 0.25886049
0.49488880 0.53821321 0.24468949
0.48112792 0.78836771 0.15433312
0.49706788 1.09085532 0.29128146
0.29547679 0.32698950 0.30611139
0.87038150 0.70327292 0.44370819
0.33618727 0.28865658 0.16971003
0.70869722 0.90613172 0.15069585
0.22684387 1.07242708 0.25134874
0.25429248 0.79865970 0.38306929
0.49517878 1.09344216 0.27681871
0.25276286 0.63445133 0.35258165
0.26008638 0.27057280 0.52314526
0.25544373 0.31267570 0.21643702
0.46995859 0.48578517 0.27480714
0.51564380 0.86822376 0.15646520
0.33401884 0.47694878 0.14457753
0.40481664 0.76954216 0.14285445
0.45668869 0.27537886 0.24592936
0.48633567 0.62250489 0.29165707
0.30823863 0.72480268 0.18848563
0.21224375 2.59962572 0.23265854
0.31209329 0.61965269 0.10947190
0.40318538 0.95216387 0.21420184
0.58438952 1.20057473 0.28279542
0.38366172 0.97599895 0.17386624
0.40125737 0.86477027 0.31156879
0.49796706 0.70774951 0.21335125
0.33086982 0.68127674 0.46839392
0.29293366 0.69781402 0.36070162
0.28370641 0.21795525 0.22887513
0.51888362 0.54241568 0.20913506
0.49411155 0.32496332 0.14794975
0.31128174 0.61704330 0.24436553
0.46313712 0.68549072 0.22235336
0.37249962 0.58106223 0.06870118
0.48986206 0.48191941 0.13371949
0.59672313 0.54160472 0.14802435
0.55925635 0.55251215 0.43690039
0.48783648 0.63856033 0.33822889
0.38180887 1.13539875 0.26995016
0.47750780 0.34207358 0.22301867
0.34523316 0.41728314 0.24009832
0.51424728 0.39864141 0.13721414
0.40742277 1.00014418 0.24229212
0.62142774 0.44171962 0.21520447
0.41777064 0.46126495 0.16449416
0.47233300 0.68885961 0.32840044
0.34910561 0.80352064 0.21130946
0.39291513 0.87853403 0.20535719
1.06365140 1.13360429 0.15722339
0.17721235 0.65055238 0.16055119
0.41141569 1.69203314 0.22142096
0.33786209 0.95940890 0.13396397
0.41332956 0.81250148 0.30606769
0.27443235 0.50448029 0.16021575
0.39783875 0.76737977 0.23962010
0.41474089 0.93676534 0.24948250
0.33290646 0.32812447 0.21926717
1.17621304 0.65643200 0.11310633
0.57830582 1.42261606 0.29054445
0.25482782 0.89849868 0.22034947
0.23241409 1.27615788 0.28415857
0.35418550 0.47464582 0.19734872
0.45661224 0.73320273 0.19030255
0.48237113 0.47381035 0.24900197
0.27581349 0.43393185 0.15018109
0.31577850 0.71692140 0.27766652
0.49481657 0.79766543 0.14432608
0.21994159 0.83359009 0.36608922
1.05161635 0.41200258 0.09504285
0.47913799 1.04989022 0.12849358
0.17057909 0.69307052 0.42163341
1.36657973 0.55844860 0.42722320
0.37435905 0.69117519 0.32261252
0.68844714 0.97199198 0.16995243
0.19019320 0.61268593 0.18600798
0.43047372 0.50468535 0.26384244
0.20202827 0.64532778 0.16063891
0.32733362 0.56453298 0.20797306
0.55653472 1.46660675 0.15925102
0.42149493 1.15572503 0.35295195
0.45962457 0.75155316 0.21152034
0.32798794 0.64370282 0.24297376
0.40681470 2.05015131 0.18970857
0.32702722 0.55646781 0.55721037
0.43533884 1.24526849 0.14935014
0.51157517 0.50966764 0.20931386
0.47807859 0.96159283 0.18569804
0.80560604 0.55334414 0.14765711
0.33612337 1.67424845 0.15517260
0.44303821 1.36155679 0.20799795
0.27963165 0.86591258 0.19517338
0.28294971 0.42486699 0.19015793
0.32057846 1.32936452 0.16377861
0.25014518 0.33280939 0.18291727
0.39425770 0.77559995 0.25756514
0.33075544 0.28095233 0.15199098
0.56958651 0.74319753 0.29598629
0.57492004 0.64617364 0.26545764
0.47548868 0.48755130 0.45158651
0.18525749 1.35184891 0.25387914
0.50099058 0.58768838 0.22546740
0.36384862 0.70595987 0.38163576
0.55023594 0.94581946 0.14498393
0.55228893 0.43785136 0.29468093
0.25274133 0.67196118 0.46901238
0.54831905 0.78053851 0.20212215
0.52080134 0.69319217 0.17929127
0.54341534 0.55623187 0.23439866
0.35650874 0.71981168 0.18216179
1.29441718 0.93789965 0.18952204
0.41850061 1.35958439 0.19675767
0.28771160 1.24099411 0.19579710
0.46832642 1.07005960 0.30253206
0.56389273 0.63065762 0.16105633
0.62153633 0.78409627 0.19192397
0.51405778 1.08807599 0.27889180
0.48086053 0.63588563 0.32399214
0.74217169 0.52600601 0.23906362
0.29984985 0.61703886 0.13297905
0.37973687 0.44573970 0.23639508
0.56457428 0.81673346 0.28736231
0.45705096 0.74942752 0.15046638
0.47614343 0.46498201 0.22272918
0.36004256 0.72979144 0.16612127
1.04696411 1.18724279 0.16711459
0.31985514 0.91224990 0.21710905
0.20981043 0.44681641 0.14475119
0.42546903 0.69875602 0.22916671
0.32946627 0.75250971 0.13768273
0.33165054 0.89798290 0.22728409
0.65181945 0.38055434 0.24690842
0.52360803 1.16573763 0.21361524
0.33975957 0.46787740 0.17590173
0.33948876 0.89514438 0.21932804
0.52948816 1.32856293 0.44983322
0.27197593 1.03160111 0.18947991
0.26464060 0.72675477 0.21325315
0.32747845 0.68473576 0.27305457
0.42032754 0.22067045 0.23967807
0.34281729 0.80056540 0.43241721
0.34147828 0.51172283 0.24352722
0.29838635 1.09067038 0.14856810
0.32652038 0.83414047 0.26087918
0.37416530 0.56164035 0.23819215
0.47708824 0.54126416 0.14653503
0.53206456 0.64179045 0.34965566
0.52445822 0.76629960 0.23665453
0.30440794 0.66149079 0.23200771
0.52265878 1.11064111 0.28055745
0.39379021 0.64656319 0.18416595
0.46415279 1.38669608 0.24363886
0.29817709 1.15804109 0.26173868
0.41445683 0.71027277 0.15814217
0.48430238 1.80622669 0.23274953
0.42061903 0.44879536 0.09424096
0.25998536 0.20413425 0.13802897
0.46277661 0.83803673 0.28347190
0.21295170 0.17152744 0.16603909
0.49626736 0.58939540 0.20326802
0.24713279 0.60262272 0.19486557
0.33878028 0.61810936 0.18328232
0.54890080 1.08304481 0.20149621
0.33037843 0.50190768 0.18684878
0.19422907 0.59839544 0.15478438
0.41257787 0.52440949 0.26093297
0.35956809 0.70598981 0.47677489
0.36965196 0.26270551 0.20868436
0.71260074 0.22367907 0.21465111
0.60913083 0.92005062 0.25691546
0.39004755 0.69079851 0.22376703
0.37440439 0.38767818 0.24518826
0.35298272 1.29033217 0.12094872
0.42080367 0.74533157 0.35692994
0.56293721 1.15894537 0.24225697
0.25462032 0.42901768 0.15286361
0.24770320 1.42695313 0.21896047
0.45174575 0.75962551 0.28774671
0.26496185 0.53168746 0.12316122
0.33477502 0.90006853 0.27422318
0.54344120 0.64793342 0.40716747
0.46551773 1.04946860 0.28381334
0.34113216 1.45781804 0.25205211
1.18038932 0.57553385 0.23363921
0.36965214 0.61030679 0.11800319
0.19361348 0.67639360 0.22028802
0.36213565 0.82545549 0.17073528
0.29402759 0.52546387 0.40690323
0.26420192 0.68760187 0.17381692
0.45597342 1.14013010 0.28615910
0.54251138 0.68388333 0.20093133
0.16627517 0.91130377 0.17302162
0.39744250 0.77834647 0.20931473
0.26437995 0.41264150 0.38552071
0.40896759 0.40926303 0.22404261
0.66091277 0.62599539 0.24755043
0.19965032 0.62849263 0.10380169
0.40347044 1.00790246 0.32938802
0.42036155 1.18205676 0.28807323
0.48845149 0.66479316 0.15594025
0.71265433 1.06080684 0.14146744
0.99706095 0.56286589 0.14427126
0.39600582 1.01618547 0.13073786
0.28676903 0.81957072 0.23175380
0.42050859 0.53583740 0.21295062
0.33687259 0.88925198 0.10266264
0.36922688 0.85282345 0.19731822
0.36133702 1.56112545 0.13688201
0.21270952 0.33462428 0.22387648
0.47505687 0.84328919 0.30037455
0.35632690 0.62304041 0.30983201
0.33697698 0.89033557 0.16101257
0.50517420 1.16500188 0.20215942
0.74336767 1.39844053 0.18192704
0.65190206 0.62646853 0.13840440
0.36094192 0.96252115 0.21567682
0.32064551 0.67519291 0.22954351
0.35430465 0.38142684 0.24090094
0.17438613 0.40752021 0.50694047
0.47158306 0.49913460 0.26402867
0.28203773 0.79527069 0.27766916
0.45434379 1.00486596 0.18403291
0.56455053 0.69882196 0.19501598
0.48945042 0.69888392 0.23595928
0.39983695 0.85668892 0.23980881
0.62270609 0.67356386 0.23644249
0.46750964 0.28669182 0.51287657
0.43968182 0.75094722 0.18689012
0.27412573 0.66769257 0.15287912
0.19198061 0.63829627 0.23790759
0.66259028 1.30371353 0.19173407
0.26789166 0.44656117 0.21186645
0.13311506 0.87676321 0.11751513
0.42726998 0.32406067 0.15534159
0.41056547 0.65510439 0.33605437
0.43124688 0.82359264 0.22053029
0.45145958 0.67968799 0.44659442
0.70290634 0.50822896 0.10705361
0.20943650 0.44216601 0.26980525
0.45878976 1.12083667 0.20610275
0.64416302 0.60683998 0.31111279
0.14368321 0.15342389 0.17112926
0.37898358 0.61327827 0.11094930
0.33376790 0.43520504 0.14397381
0.31287950 0.36073194 0.16845235
0.39182001 1.11416572 0.19237587
0.33367811 0.72976965 0.19456373
0.29437437 1.39248818 0.25900048
0.19186617 0.45187609 0.30836949
0.60430659 0.39460359 0.23504584
0.14493212 0.86291363 0.13651009
0.29337398 1.10005739 0.35845329
0.62456885 0.77997794 0.30426415
0.37971084 0.55250049 0.16659862
0.34002387 0.91897218 0.25292278
0.39656615 0.65703097 0.30485983
0.29660701 0.86486131 0.13182501
0.55709760 1.06296578 0.35644907
0.30763057 0.57225250 0.21001920
0.39018500 0.65540800 0.29074264
0.44741246 0.85707916 0.20499645
0.46132488 0.45181778 0.11175041
0.38935898 0.50190588 0.21506354
0.29999532 1.21107773 0.18146984
0.18200938 0.95678789 0.13512655
0.35942620 0.75190638 0.24054743
0.46201092 1.08491952 0.22524420
0.52669121 0.68385832 0.22328714
0.28734072 0.74543985 0.18080769
0.37865128 1.07064117 0.34947903
0.32718954 0.95939483 0.31613708
0.33611276 0.68864276 0.20226633
0.61608988 0.40638262 0.19170598
0.92292128 1.73262264 0.25219324
0.37959716 1.41785679 0.20328124
0.38042649 1.31704275 0.58534351
0.47851616 0.66501961 0.21285887
0.30434335 0.88198886 0.26136287
0.78649251 0.89274953 0.30598344
0.32265371 0.26501029 0.32288899
0.34708470 0.71134047 0.23168518
0.29155200 0.43644542 0.25806492
0.19752047 0.78053509 0.10334673
0.52173091 0.28644428 0.17177826
0.29532311 0.76242718 0.65856023
0.66237915 0.91927935 0.27476125
0.39294332 0.55693006 0.38823625
0.52802953 1.11383130 0.12626595
0.25941626 0.56613085 0.32432053
0.47406967 0.66883510 0.28580114
0.40458209 0.85369562 0.13664224
0.48425883 0.28503112 0.15660082
0.42345292 0.90930640 0.24621464
0.52247795 0.32982224 0.20492571
0.43068125 0.72993501 0.22288760
0.47906059 0.51422009 0.19510948
0.38420985 0.37948853 0.21710283
0.45031583 0.64401716 0.18935697
0.58881714 0.63005210 0.22562647
0.40541307 0.87469904 0.26061617
0.40500196 0.36964322 0.16984260
0.42151463 0.64774405 0.28261557
1.05015578 0.46717746 0.22315790
0.25077110 0.30860159 0.17244945
0.51701527 0.48797662 0.21851093
0.33092627 0.75272684 0.19111841
0.46885519 0.55321637 0.32341801
0.29507196 0.81493712 0.20226150
0.43348991 0.78320247 0.24440433
0.24273340 0.29730627 0.20782100
0.48949750 0.78716581 0.16456223
0.67768240 1.79920406 0.28334480
0.66704542 0.73776805 0.15578406
0.38109640 1.13549333 0.23148458
0.35780141 1.12037668 0.25011442
0.25755355 0.41972264 0.17973740
0.51820033 1.36200604 0.22238350
0.35654313 0.71388450 0.16588440
0.28005715 0.42874250 0.26532435
0.47266370 0.61789980 0.08942965
0.27829261 1.16896922 0.22199387
0.39505513 0.45232257 0.19470319
0.19059214 0.35197469 0.11491416
0.31896663 0.73861811 0.23878126
0.33187500 0.53257190 0.33969586
0.62605544 1.02408236 0.19200332
0.51132211 0.67917109 0.13869460
0.30212921 0.42693994 0.21421616
0.48203878 0.94433197 0.18773251
1.01483846 0.20916926 0.11871213
0.23171539 0.68489472 0.09408090
0.38981785 0.44330419 0.14908351
0.33190810 1.27086909 0.24758952
0.50178778 1.40408530 0.18469986
0.74154794 0.81555781 0.28740621
0.26829454 0.82291895 0.19542405
0.34965744 0.99774138 0.24811625
0.38320171 1.20679666 0.30565600
0.13246128 0.27743951 0.18660025
0.24397214 0.54302535 0.21332052
0.38910516 0.52086266 0.39938874
0.22339327 1.23367631 0.14505176
0.81286353 0.37604216 0.24453662
0.52602579 0.82510229 0.30251533
0.31955954 0.35610896 0.44908597
0.36440397 0.56450855 0.17678486
0.36183559 0.65567487 0.22079325
0.28523940 0.79737620 0.18751276
0.51214009 0.78793952 0.15037238
0.57566512 0.66057093 0.18325144
0.43192672 0.45422312 0.26731150
0.47902887 0.49506483 0.20510136
0.68294248 0.28310917 0.32447506
0.38965542 1.69512077 0.14164560
0.42590886 0.34269344 0.18934611
0.29356966 0.43250632 0.12547105
0.34533353 0.58641648 0.20767148
0.30550059 0.64294876 0.22208888
0.53156050 0.69484082 0.27485234
0.21431207 1.09185935 0.12332594
0.36068736 1.25617411 0.16251099
0.48648662 0.81441655 0.16204113
0.32476527 0.69876062 0.13720533
0.26417981 0.70986709 0.11894855
0.30805606 1.06297319 0.44031187
0.27222922 1.18111695 0.30941118
0.32335501 1.33290945 0.21522796
0.19798765 0.45624580 0.47104751
0.24681347 1.06903531 0.18171212
0.44101752 1.01680273 0.14903694
0.44494490 0.48140433 0.33214273
0.67573325 0.48549381 0.13104569
0.26291035 1.02969008 0.20732954
0.23459590 0.96208340 0.19303641
0.16880361 0.24261038 0.10823643
0.21163723 0.64823556 0.13417653
0.41886890 0.68971197 0.17479000
0.24122067 0.68300669 0.12979927
0.28042056 0.44073693 0.13959151
0.46372772 1.09049008 0.18182239
1.50923784 0.38753610 0.17920929
0.57551043 0.72220515 0.18302445
0.36542448 0.57023423 0.22132020
0.45387738 0.54317057 0.69546904
0.39573722 0.65174693 0.20483850
0.42153318 0.39676701 0.26774889
0.25845613 0.74044606 0.23424336
0.92696099 0.79488556 0.24302602
0.19869995 0.41935309 0.15623826
0.33245423 0.78207115 0.17551014
0.53219436 0.63472621 0.21954056
0.13218341 1.08733976 0.21766747
0.26275305 0.64536394 0.26472304
0.43844941 1.04463886 0.35479549
0.41399401 0.65079622 0.33900259
0.61435045 0.58176305 0.16219193
0.47792568 0.44747016 0.23476302
0.67957960 0.58809755 0.11284780
0.55155457 0.97480146 0.19413933
0.68379318 0.76526597 0.23375557
0.27066510 0.80156721 0.21254659
0.25455354 0.65493286 0.31444976
0.71385577 0.58826976 0.12182249
0.32443255 0.37390325 0.26132005
0.44590484 0.68758757 0.19796120
0.16274158 0.29809597 0.17543491
0.49349416 1.36359931 0.19583962
0.61060601 0.59543341 0.15743472
0.45356299 0.74683859 0.22996768
1.01467038 0.47016967 0.23053659
0.64046808 0.28055649 0.36678140
0.54765411 0.74661871 0.19775710
0.49464494 0.58202295 0.26118582
0.44487676 0.47100725 0.24959208
0.27008444 0.37253611 0.35388465
0.42876516 1.13202823 0.19500489
0.46564341 0.76055241 0.31582676
0.42388668 1.28054862 0.26438980
0.66508384 0.55954815 0.24357978
0.32531865 0.78441331 0.24476242
0.36247911 0.68236196 0.30740987
0.69886796 0.54651439 0.26209118
0.37238655 0.78436888 0.22685854
0.28122522 1.55519371 0.46159342
0.34769696 0.56512234 0.23843622
0.55945577 1.10320009 0.29421295
0.69158608 0.93716156 0.32100812
0.13175571 0.47664709 0.15264447
0.39905258 0.87139972 0.15549329
0.25536747 0.69017936 0.29428931
0.63224745 0.64580800 0.32022894
0.42996402 0.48514157 0.15738629
0.28551430 0.94391724 0.23728225
0.11645682 0.36206419 0.49061400
0.69731395 1.43924013 0.19602957
0.30570473 1.03291968 0.22196548
0.47250512 0.98974116 0.22596540
0.33192292 0.98230333 0.15256839
0.20514662 0.49348336 0.21327267
0.33507691 1.19687877 0.18637464
0.36145935 0.59944435 0.15696258
0.36608092 1.63369947 0.25818110
0.37653990 0.66766773 0.21581296
0.38009099 0.47088462 0.55093290
0.34939296 0.73607494 0.30551179
0.76659293 0.66321240 0.25262943
0.25717261 0.74706400 0.37238085
0.49830916 1.22630026 0.15804920
0.48677706 0.65510146 0.20408535
0.53687683 1.35822414 0.40914105
0.32136475 0.87569868 0.31360579
