0.000000
0.000084
1.759450
0.075874
0.145792
0.053518
1.045336
0.466756
0.438178
0.161228
0.819012
0.180483
0.000316
0.191893
0.070071
0.005315
0.002952
0.009518
0.014234
0.022277
0.000250
0.344390
0.004985
0.125101
0.001519
0.224342
0.003696
0.751575
0.542548
0.222485
0.000084
0.000000
0.001140
0.103369
0.079943
0.316955
0.002439
0.006610
0.041611
0.120646
0.002979
0.001494
1.115667
0.065595
0.057720
0.348381
1.251270
0.273870
0.000181
0.292605
0.487759
0.000536
0.328859
0.042053
2.419186
0.000051
0.502033
0.018924
0.000598
0.053158
1.759450
0.001140
0.000000
0.721142
0.764318
0.501471
0.047561
2.889864
1.915370
0.620945
0.057466
0.000157
0.005445
1.771172
0.093190
0.057294
0.047813
0.151746
0.496400
0.170775
0.005009
0.056075
0.089715
0.144346
0.022896
3.272672
0.026493
0.970119
0.696186
0.553409
0.075874
0.103369
0.721142
0.000000
0.337497
0.000626
0.191689
2.494275
2.283882
0.254590
0.170491
0.053770
0.456673
1.347468
0.017926
3.230648
1.705325
2.730102
0.034281
2.195987
0.413335
0.053796
2.242834
0.065932
0.455851
0.052631
1.275470
0.973004
0.160885
0.302999
0.145792
0.079943
0.764318
0.337497
0.000000
2.996382
0.678062
0.195107
0.022535
0.449177
0.757813
1.251087
0.192844
0.024807
0.070000
0.280516
0.764067
0.465737
0.471430
0.525592
0.140888
0.572384
0.408825
0.004390
0.948115
0.130044
0.259972
0.341513
1.129872
0.229457
0.053518
0.316955
0.501471
0.000626
2.996382
0.000000
0.379066
0.777798
1.882120
1.020319
0.414532
0.313151
0.847346
2.613382
0.058734
0.830675
2.458498
0.856212
0.097564
0.637434
0.633251
0.155106
0.998921
0.239729
2.300531
0.042754
0.718166
1.236213
0.327904
2.021537
1.045336
0.002439
0.047561
0.191689
0.678062
0.379066
0.000000
0.051684
0.998566
1.630586
0.080278
0.175455
0.004767
0.352772
1.899836
0.037900
0.026844
0.036051
1.010523
0.166196
0.002905
2.481842
0.020948
2.771722
0.022630
0.265660
0.056881
2.520596
0.424820
1.761787
0.466756
0.006610
2.889864
2.494275
0.195107
0.777798
0.051684
0.000000
0.669274
0.303123
0.036142
0.042651
0.039447
1.333947
0.028137
0.375534
0.294517
1.077172
0.148074
0.653140
0.041570
0.070134
0.700440
0.023476
0.098134
0.699352
0.116970
0.023847
0.673742
0.058610
0.438178
0.041611
1.915370
2.283882
0.022535
1.882120
0.998566
0.669274
0.000000
0.827086
0.859149
0.321915
0.135900
0.152821
0.140048
1.012756
0.729880
1.121515
0.266963
2.438961
0.102293
0.433383
0.735976
0.025087
0.355375
0.243869
0.757480
0.871070
0.844796
0.016131
0.161228
0.120646
0.620945
0.254590
0.449177
1.020319
1.630586
0.303123
0.827086
0.000000
1.727268
0.684997
0.233453
0.153675
0.017009
0.653377
0.781159
0.451039
0.230494
1.345848
0.144373
0.591989
0.366174
0.184271
0.699170
0.075923
0.961900
2.657542
0.526264
1.667849
0.819012
0.002979
0.057466
0.170491
0.757813
0.414532
0.080278
0.036142
0.859149
1.727268
0.000000
0.334216
0.005473
0.337044
2.088528
0.036553
0.029228
0.035090
1.146305
0.157845
0.003286
3.146981
0.020946
3.075580
0.027208
0.226987
0.057561
2.044826
0.484473
2.002022
0.180483
0.001494
0.000157
0.053770
1.251087
0.313151
0.175455
0.042651
0.321915
0.684997
0.334216
0.000000
0.002883
0.326936
0.361798
0.008066
0.015402
0.015012
2.745138
0.031234
0.001931
0.693047
0.010237
0.664349
0.022676
0.178046
0.009615
0.509160
0.345367
1.895905
0.000316
1.115667
0.005445
0.456673
0.192844
0.847346
0.004767
0.039447
0.135900
0.233453
0.005473
0.002883
0.000000
0.264361
0.052696
0.830758
3.630677
1.382985
0.000503
0.708910
0.008076
0.001087
1.655894
0.046138
2.719793
0.000244
0.405044
0.044527
0.002138
0.097621
0.191893
0.065595
1.771172
1.347468
0.024807
2.613382
0.352772
1.333947
0.152821
0.153675
0.337044
0.326936
0.264361
0.000000
0.017508
0.796311
1.405172
1.792716
0.234042
1.207472
0.234841
0.222119
1.440908
0.000001
0.826383
0.202898
0.401701
0.408168
0.935830
0.117233
0.070071
0.057720
0.093190
0.017926
0.070000
0.058734
1.899836
0.028137
0.140048
0.017009
2.088528
0.361798
0.052696
0.017508
0.000000
0.142386
0.102942
0.039807
0.091875
0.301414
0.025195
0.540195
0.032788
1.189043
0.119418
0.016649
0.558291
1.209655
0.112377
0.508667
0.005315
0.348381
0.057294
3.230648
0.280516
0.830675
0.037900
0.375534
1.012756
0.653377
0.036553
0.008066
0.830758
0.796311
0.142386
0.000000
0.036101
0.849590
0.002679
2.510997
0.687514
0.006666
0.140523
0.142314
0.027458
0.002893
0.191115
0.367985
0.012446
0.215171
0.002952
1.251270
0.047813
1.705325
0.764067
2.458498
0.026844
0.294517
0.729880
0.781159
0.029228
0.015402
3.630677
1.405172
0.102942
0.036101
0.000000
1.461194
0.003789
0.791738
3.408864
0.006838
0.646466
0.118815
0.080814
0.002461
0.007770
0.226254
0.017145
0.371421
0.009518
0.273870
0.151746
2.730102
0.465737
0.856212
0.036051
1.077172
1.121515
0.451039
0.035090
0.015012
1.382985
1.792716
0.039807
0.849590
1.461194
0.000000
0.006447
0.070383
1.613077
0.009368
0.777534
0.059054
0.366058
0.008660
0.303352
0.297591
0.035039
0.231963
0.014234
0.000181
0.496400
0.034281
0.471430
0.097564
1.010523
0.148074
0.266963
0.230494
1.146305
2.745138
0.000503
0.234042
0.091875
0.002679
0.003789
0.006447
0.000000
0.011316
0.000380
1.092535
0.003963
0.192688
0.003876
0.136201
0.002260
0.471704
1.405712
0.638840
0.022277
0.292605
0.170775
2.195987
0.525592
0.637434
0.166196
0.653140
2.438961
1.345848
0.157845
0.031234
0.708910
1.207472
0.301414
2.510997
0.791738
0.070383
0.011316
0.000000
0.495706
0.030930
0.253359
0.382786
0.266391
0.010261
2.920464
1.242411
0.044490
0.553874
0.000250
0.487759
0.005009
0.413335
0.140888
0.633251
0.002905
0.041570
0.102293
0.144373
0.003286
0.001931
0.008076
0.234841
0.025195
0.687514
3.408864
1.613077
0.000380
0.495706
0.000000
0.000696
2.174620
0.023339
1.988360
0.000227
0.226348
0.028817
0.001790
0.061449
0.344390
0.000536
0.056075
0.053796
0.572384
0.155106
2.481842
0.070134
0.433383
0.591989
3.146981
0.693047
0.001087
0.222119
0.540195
0.006666
0.006838
0.009368
1.092535
0.030930
0.000696
0.000000
0.005536
0.998034
0.007157
0.182445
0.008696
1.190926
0.002552
1.313404
0.004985
0.328859
0.089715
2.242834
0.408825
0.998921
0.020948
0.700440
0.735976
0.366174
0.020946
0.010237
1.655894
1.440908
0.032788
0.140523
0.646466
0.777534
0.003963
0.253359
2.174620
0.005536
0.000000
0.044644
0.216030
0.004942
0.092713
0.183555
0.021957
0.180777
0.125101
0.042053
0.144346
0.065932
0.004390
0.239729
2.771722
0.023476
0.025087
0.184271
3.075580
0.664349
0.046138
0.000001
1.189043
0.142314
0.118815
0.059054
0.192688
0.382786
0.023339
0.998034
0.044644
0.000000
0.138368
0.032723
0.427431
0.828296
0.217196
0.187392
0.001519
2.419186
0.022896
0.455851
0.948115
2.300531
0.022630
0.098134
0.355375
0.699170
0.027208
0.022676
2.719793
0.826383
0.119418
0.027458
0.080814
0.366058
0.003876
0.266391
1.988360
0.007157
0.216030
0.138368
0.000000
0.001318
0.000597
0.141918
0.013878
0.460538
0.224342
0.000051
3.272672
0.052631
0.130044
0.042754
0.265660
0.699352
0.243869
0.075923
0.226987
0.178046
0.000244
0.202898
0.016649
0.002893
0.002461
0.008660
0.136201
0.010261
0.000227
0.182445
0.004942
0.032723
0.001318
0.000000
0.001380
0.252967
1.657079
0.124275
0.003696
0.502033
0.026493
1.275470
0.259972
0.718166
0.056881
0.116970
0.757480
0.961900
0.057561
0.009615
0.405044
0.401701
0.558291
0.191115
0.007770
0.303352
0.002260
2.920464
0.226348
0.008696
0.092713
0.427431
0.000597
0.001380
0.000000
0.457203
0.007866
0.299510
0.751575
0.018924
0.970119
0.973004
0.341513
1.236213
2.520596
0.023847
0.871070
2.657542
2.044826
0.509160
0.044527
0.408168
1.209655
0.367985
0.226254
0.297591
0.471704
1.242411
0.028817
1.190926
0.183555
0.828296
0.141918
0.252967
0.457203
0.000000
0.843936
0.318063
0.542548
0.000598
0.696186
0.160885
1.129872
0.327904
0.424820
0.673742
0.844796
0.526264
0.484473
0.345367
0.002138
0.935830
0.112377
0.012446
0.017145
0.035039
1.405712
0.044490
0.001790
0.002552
0.021957
0.217196
0.013878
1.657079
0.007866
0.843936
0.000000
1.039137
0.222485
0.053158
0.553409
0.302999
0.229457
2.021537
1.761787
0.058610
0.016131
1.667849
2.002022
1.895905
0.097621
0.117233
0.508667
0.215171
0.371421
0.231963
0.638840
0.553874
0.061449
1.313404
0.180777
0.187392
0.460538
0.124275
0.299510
0.318063
1.039137
0.000000
