1.010138
0.017110
0.167621
-0.046520
-0.055651
-0.065828
0.025437
0.017867
-0.069791
-0.093504
-0.003134
0.010476
-0.040170
-0.072492
-0.035216
-0.061308
-0.084608
-0.088890
0.085592
-0.080227
-0.057843
0.037590
-0.091744
-0.094026
-0.087553
0.324893
-0.014511
-0.066059
0.149169
0.017110
1.024557
0.005232
-0.045957
-0.059202
-0.060571
-0.046756
-0.001640
-0.085805
-0.101521
-0.062862
-0.022802
0.334528
-0.065397
-0.022813
-0.024770
0.011755
-0.054100
-0.010337
-0.051801
0.186326
-0.015748
-0.031881
-0.046209
0.144490
0.052896
0.073811
-0.019464
0.045062
0.167621
0.005232
0.984442
-0.050708
-0.042506
-0.076238
-0.003479
0.264515
0.004220
-0.084161
-0.011020
0.015694
-0.035590
-0.007040
-0.036254
-0.065322
-0.088395
-0.093017
0.035009
-0.088233
-0.060426
-0.024195
-0.110471
-0.111226
-0.105701
0.145959
-0.087563
-0.098553
0.252593
-0.046520
-0.045957
-0.050708
0.868553
-0.058477
0.103925
-0.115287
0.091141
0.180883
-0.007947
-0.114162
-0.080411
-0.087093
0.164894
-0.075755
0.099745
-0.022487
0.247644
-0.054319
0.339652
-0.028641
-0.050558
0.138145
-0.040133
-0.003678
0.017741
0.065456
0.028213
0.020161
-0.055651
-0.059202
-0.042506
-0.058477
0.843711
0.323387
-0.075410
0.000554
0.132813
0.297498
-0.052155
-0.010500
-0.085654
0.346629
-0.002232
-0.080067
-0.093872
-0.087805
-0.059361
-0.077729
-0.099200
-0.097666
-0.140205
-0.059226
-0.124738
-0.125532
-0.202746
-0.145967
-0.373023
-0.065828
-0.060571
-0.076238
0.103925
0.323387
0.869531
-0.118040
-0.008888
0.129887
0.290092
-0.106439
-0.070589
-0.076293
0.381567
-0.020453
-0.029014
0.032234
0.042965
-0.056290
0.074238
-0.053124
-0.082336
-0.003886
-0.044368
0.044892
-0.030429
-0.031795
-0.046543
-0.135935
0.025437
-0.046756
-0.003479
-0.115287
-0.075410
-0.118040
0.864577
-0.048264
-0.066311
-0.083876
0.843149
0.114568
-0.073732
-0.052469
0.009023
-0.098925
-0.127952
-0.126185
0.000857
-0.119052
-0.115533
0.306123
-0.124815
0.033595
-0.096735
-0.044318
-0.125711
0.121925
-0.002667
0.017867
-0.001640
0.264515
0.091141
0.000554
-0.008888
-0.048264
1.010629
0.166012
-0.025813
-0.007964
0.000889
-0.033025
0.242621
-0.009110
-0.030125
-0.057387
-0.021286
0.006686
-0.016530
-0.023181
-0.007858
-0.041543
-0.048699
-0.030333
0.042651
-0.019018
0.008437
0.041799
-0.069791
-0.085805
0.004220
0.180883
0.132813
0.129887
-0.066311
0.166012
0.856405
0.333463
-0.015356
-0.060514
-0.111157
0.425158
0.004008
-0.076294
-0.117428
-0.076581
-0.077441
0.005603
-0.114012
-0.097440
-0.143562
-0.055470
-0.153522
-0.132446
-0.206148
0.294121
-0.145105
-0.093504
-0.101521
-0.084161
-0.007947
0.297498
0.290092
-0.083876
-0.025813
0.333463
0.844926
-0.028874
-0.080734
-0.138887
0.204509
0.162754
-0.112686
-0.144630
-0.133614
-0.124139
-0.038842
-0.166977
-0.157534
-0.219530
0.125720
-0.183884
-0.191733
-0.260150
0.083382
-0.401046
-0.003134
-0.062862
-0.011020
-0.114162
-0.052155
-0.106439
0.843149
-0.007964
-0.015356
-0.028874
0.920500
0.151132
-0.095597
-0.016827
0.026572
-0.118799
-0.154291
-0.148721
-0.012769
-0.133227
-0.142593
0.319923
-0.156516
0.061216
-0.122044
-0.067509
-0.160842
0.124304
-0.053793
0.010476
-0.022802
0.015694
-0.080411
-0.010500
-0.070589
0.114568
0.000889
-0.060514
-0.080734
0.151132
0.963430
-0.085792
-0.013759
-0.043877
-0.114467
-0.150756
-0.144262
0.237657
-0.107058
-0.109519
0.360438
-0.116422
-0.049647
-0.090904
-0.019952
-0.109482
-0.088251
0.082428
-0.040170
0.334528
-0.035590
-0.087093
-0.085654
-0.076293
-0.073732
-0.033025
-0.111157
-0.138887
-0.095597
-0.085792
0.859394
-0.079981
-0.117263
-0.080729
0.182162
-0.097665
-0.102973
-0.132682
0.705504
-0.033486
-0.007052
-0.094914
0.307402
0.026149
0.053704
-0.005206
0.012286
-0.072492
-0.065397
-0.007040
0.164894
0.346629
0.381567
-0.052469
0.242621
0.425158
0.204509
-0.016827
-0.013759
-0.079981
0.976202
-0.022805
-0.074563
-0.076658
-0.022616
-0.037162
-0.014042
-0.046863
-0.028888
-0.075968
-0.064249
-0.067458
-0.053839
-0.123035
0.030869
-0.130671
-0.035216
-0.022813
-0.036254
-0.075755
-0.002232
-0.020453
0.009023
-0.009110
0.004008
0.162754
0.026572
-0.043877
-0.117263
-0.022805
0.913961
-0.138160
-0.165498
-0.173853
-0.101107
-0.128962
-0.129507
-0.107868
-0.246025
0.701903
-0.087195
-0.055773
-0.110503
0.079294
-0.134555
-0.061308
-0.024770
-0.065322
0.099745
-0.080067
-0.029014
-0.098925
-0.030125
-0.076294
-0.112686
-0.118799
-0.114467
-0.080729
-0.074563
-0.138160
0.781730
0.061211
0.193365
-0.125849
0.410921
-0.015442
-0.080097
0.153650
-0.065751
-0.040628
-0.068446
0.367371
0.007518
-0.008771
-0.084608
0.011755
-0.088395
-0.022487
-0.093872
0.032234
-0.127952
-0.057387
-0.117428
-0.144630
-0.154291
-0.150756
0.182162
-0.076658
-0.165498
0.061211
0.761015
0.219648
-0.151290
0.005321
0.211828
-0.122461
0.348688
-0.087741
0.395070
-0.002684
0.120521
0.002500
-0.012445
-0.088890
-0.054100
-0.093017
0.247644
-0.087805
0.042965
-0.126185
-0.021286
-0.076581
-0.133614
-0.148721
-0.144262
-0.097665
-0.022616
-0.173853
0.193365
0.219648
0.825946
-0.145186
0.141593
-0.014770
-0.125546
0.768737
-0.030940
0.083202
0.004560
0.092258
0.007578
-0.013889
0.085592
-0.010337
0.035009
-0.054319
-0.059361
-0.056290
0.000857
0.006686
-0.077441
-0.124139
-0.012769
0.237657
-0.102973
-0.037162
-0.101107
-0.125849
-0.151290
-0.145186
0.889810
-0.106479
-0.090068
0.258421
-0.075263
-0.096387
-0.102315
0.034100
-0.128958
-0.186187
0.321363
-0.080227
-0.051801
-0.088233
0.339652
-0.077729
0.074238
-0.119052
-0.016530
0.005603
-0.038842
-0.133227
-0.107058
-0.132682
-0.014042
-0.128962
0.410921
0.005321
0.141593
-0.106479
0.898536
-0.050698
-0.072170
0.103162
-0.068907
-0.037625
-0.081207
0.361348
0.015834
-0.001348
-0.057843
0.186326
-0.060426
-0.028641
-0.099200
-0.053124
-0.115533
-0.023181
-0.114012
-0.166977
-0.142593
-0.109519
0.705504
-0.046863
-0.129507
-0.015442
0.211828
-0.014770
-0.090068
-0.050698
0.949630
-0.042781
0.121652
-0.069535
0.261822
0.018872
0.083155
-0.012323
0.022924
0.037590
-0.015748
-0.024195
-0.050558
-0.097666
-0.082336
0.306123
-0.007858
-0.097440
-0.157534
0.319923
0.360438
-0.033486
-0.028888
-0.107868
-0.080097
-0.122461
-0.125546
0.258421
-0.072170
-0.042781
0.967282
-0.021614
-0.046147
-0.030937
-0.005650
-0.034580
-0.059570
0.122042
-0.091744
-0.031881
-0.110471
0.138145
-0.140205
-0.003886
-0.124815
-0.041543
-0.143562
-0.219530
-0.156516
-0.116422
-0.007052
-0.075968
-0.246025
0.153650
0.348688
0.768737
-0.075263
0.103162
0.121652
-0.021614
0.992816
-0.066615
0.143064
0.008594
0.118364
-0.019202
0.035832
-0.094026
-0.046209
-0.111226
-0.040133
-0.059226
-0.044368
0.033595
-0.048699
-0.055470
0.125720
0.061216
-0.049647
-0.094914
-0.064249
0.701903
-0.065751
-0.087741
-0.030940
-0.096387
-0.068907
-0.069535
-0.046147
-0.066615
0.848404
-0.074516
-0.124484
-0.115734
0.093738
-0.196267
-0.087553
0.144490
-0.105701
-0.003678
-0.124738
0.044892
-0.096735
-0.030333
-0.153522
-0.183884
-0.122044
-0.090904
0.307402
-0.067458
-0.087195
-0.040628
0.395070
0.083202
-0.102315
-0.037625
0.261822
-0.030937
0.143064
-0.074516
1.021975
-0.006266
0.097850
-0.011586
0.004541
0.324893
0.052896
0.145959
0.017741
-0.125532
-0.030429
-0.044318
0.042651
-0.132446
-0.191733
-0.067509
-0.019952
0.026149
-0.053839
-0.055773
-0.068446
-0.002684
0.004560
0.034100
-0.081207
0.018872
-0.005650
0.008594
-0.124484
-0.006266
0.951650
-0.006526
-0.110093
0.194083
-0.014511
0.073811
-0.087563
0.065456
-0.202746
-0.031795
-0.125711
-0.019018
-0.206148
-0.260150
-0.160842
-0.109482
0.053704
-0.123035
-0.110503
0.367371
0.120521
0.092258
-0.128958
0.361348
0.083155
-0.034580
0.118364
-0.115734
0.097850
-0.006526
1.063691
-0.033769
0.059216
-0.066059
-0.019464
-0.098553
0.028213
-0.145967
-0.046543
0.121925
0.008437
0.294121
0.083382
0.124304
-0.088251
-0.005206
0.030869
0.079294
0.007518
0.002500
0.007578
-0.186187
0.015834
-0.012323
-0.059570
-0.019202
0.093738
-0.011586
-0.110093
-0.033769
0.741821
-0.184437
0.149169
0.045062
0.252593
0.020161
-0.373023
-0.135935
-0.002667
0.041799
-0.145105
-0.401046
-0.053793
0.082428
0.012286
-0.130671
-0.134555
-0.008771
-0.012445
-0.013889
0.321363
-0.001348
0.022924
0.122042
0.035832
-0.196267
0.004541
0.194083
0.059216
-0.184437
0.959855
