1.000000
0.000001
0.169227
0.001399
0.003862
0.001008
0.071491
0.017553
0.010983
0.003531
0.053510
0.025564
0.000003
0.004735
0.001582
0.000068
0.000037
0.000139
0.120064
0.000328
0.000003
0.097595
0.000069
0.003215
0.000019
0.347910
0.000045
0.022825
0.157367
0.006309
0.000001
1.000000
0.000013
0.002683
0.001407
0.007440
0.000031
0.000104
0.000739
0.002388
0.000038
0.000017
0.367576
0.001216
0.001275
0.022648
0.077321
0.011923
0.000002
0.011072
0.208052
0.000006
0.017426
0.000810
0.154259
0.000000
0.039067
0.000301
0.000006
0.000892
0.169227
0.000013
1.000000
0.020684
0.040639
0.014842
0.064164
0.274790
0.097499
0.025703
0.053976
0.037007
0.000070
0.077852
0.004443
0.000990
0.000794
0.003029
0.071860
0.003689
0.000064
0.047157
0.001655
0.008741
0.000380
0.200955
0.000443
0.084857
0.321794
0.036752
0.001399
0.002683
0.020684
1.000000
0.084957
0.249526
0.008244
0.154840
0.330746
0.157699
0.007888
0.001984
0.014702
0.307069
0.023248
0.217267
0.112379
0.368587
0.000721
0.428922
0.013203
0.001512
0.214538
0.024841
0.031643
0.000884
0.079938
0.091770
0.003982
0.054736
0.003862
0.001407
0.040639
0.084957
1.000000
0.467023
0.052804
0.064622
0.282085
0.457000
0.063509
0.060453
0.004188
0.458387
0.070042
0.012543
0.027516
0.030285
0.011968
0.040462
0.003107
0.021468
0.021140
0.113009
0.030128
0.002984
0.009937
0.188012
0.037565
0.634664
0.001008
0.007440
0.014842
0.249526
0.467023
1.000000
0.014905
0.057239
0.276191
0.440783
0.017116
0.009593
0.025629
0.486619
0.060083
0.072352
0.154914
0.152039
0.001861
0.169665
0.019477
0.003912
0.113693
0.072451
0.127565
0.000724
0.049962
0.109570
0.007475
0.254949
0.071491
0.000031
0.064164
0.008244
0.052804
0.014905
1.000000
0.017354
0.082401
0.080050
0.954287
0.167757
0.000071
0.027571
0.084166
0.000801
0.000549
0.000989
0.080832
0.004391
0.000044
0.408313
0.000521
0.158034
0.000441
0.016501
0.001049
0.301530
0.091328
0.146290
0.017553
0.000104
0.274790
0.154840
0.064622
0.057239
0.017354
1.000000
0.228818
0.049930
0.015174
0.007228
0.000695
0.266130
0.005335
0.009854
0.007366
0.034253
0.007024
0.025206
0.000720
0.006415
0.019710
0.008488
0.002531
0.020644
0.003041
0.081764
0.044829
0.038124
0.010983
0.000739
0.097499
0.330746
0.282085
0.276191
0.082401
0.228818
1.000000
0.482146
0.079817
0.020479
0.002897
0.507649
0.087207
0.035806
0.024578
0.058657
0.007666
0.133348
0.002206
0.018153
0.032432
0.121671
0.011856
0.005557
0.023802
0.540220
0.031444
0.285672
0.003531
0.002388
0.025703
0.157699
0.457000
0.440783
0.080050
0.049930
0.482146
1.000000
0.090338
0.027384
0.005959
0.304561
0.276768
0.034765
0.036345
0.042198
0.005241
0.133059
0.003803
0.017595
0.026202
0.353540
0.029506
0.001548
0.040292
0.426865
0.015399
0.613084
0.053510
0.000038
0.053976
0.007888
0.063509
0.017116
0.954287
0.015174
0.079817
0.090338
1.000000
0.210087
0.000083
0.028905
0.097627
0.000806
0.000617
0.001009
0.082295
0.004389
0.000051
0.426169
0.000543
0.186455
0.000541
0.013354
0.001099
0.290043
0.088346
0.179009
0.025564
0.000017
0.037007
0.001984
0.060453
0.009593
0.167757
0.007228
0.020479
0.027384
0.210087
1.000000
0.000038
0.017618
0.014601
0.000160
0.000276
0.000359
0.302992
0.000773
0.000026
0.405595
0.000222
0.032719
0.000372
0.017525
0.000171
0.047347
0.202804
0.101954
0.000003
0.367576
0.000070
0.014702
0.004188
0.025629
0.000071
0.000695
0.002897
0.005959
0.000083
0.000038
1.000000
0.005795
0.001633
0.096153
0.375588
0.082437
0.000005
0.039265
0.815583
0.000013
0.127411
0.001191
0.371350
0.000002
0.073930
0.000858
0.000025
0.002055
0.004735
0.001216
0.077852
0.307069
0.458387
0.486619
0.027571
0.266130
0.507649
0.304561
0.028905
0.017618
0.005795
1.000000
0.030213
0.033331
0.049368
0.103386
0.006121
0.089552
0.005131
0.008775
0.067199
0.044724
0.028221
0.004285
0.015464
0.172855
0.030205
0.229392
0.001582
0.001275
0.004443
0.023248
0.070042
0.060083
0.084166
0.005335
0.087207
0.276768
0.097627
0.014601
0.001633
0.030213
1.000000
0.009894
0.006573
0.005552
0.002175
0.042591
0.000817
0.015326
0.003365
0.842352
0.006654
0.000368
0.027048
0.198251
0.003657
0.196608
0.000068
0.022648
0.000990
0.217267
0.012543
0.072352
0.000801
0.009854
0.035806
0.034765
0.000806
0.000160
0.096153
0.033331
0.009894
1.000000
0.288942
0.401166
0.000037
0.563880
0.078788
0.000111
0.328598
0.007301
0.069598
0.000035
0.442446
0.011111
0.000195
0.008599
0.000037
0.077321
0.000794
0.112379
0.027516
0.154914
0.000549
0.007366
0.024578
0.036345
0.000617
0.000276
0.375588
0.049368
0.006573
0.288942
1.000000
0.428014
0.000050
0.179443
0.343889
0.000108
0.531355
0.005612
0.471639
0.000029
0.137378
0.006645
0.000250
0.012774
0.000139
0.011923
0.003029
0.368587
0.030285
0.152039
0.000989
0.034253
0.058657
0.042198
0.001009
0.000359
0.082437
0.103386
0.005552
0.401166
0.428014
1.000000
0.000102
0.285649
0.091202
0.000188
0.876977
0.005271
0.103769
0.000115
0.097901
0.013062
0.000624
0.013756
0.120064
0.000002
0.071860
0.000721
0.011968
0.001861
0.080832
0.007024
0.007666
0.005241
0.082295
0.302992
0.000005
0.006121
0.002175
0.000037
0.000050
0.000102
1.000000
0.000185
0.000004
0.340152
0.000059
0.005135
0.000048
0.123525
0.000030
0.016651
0.459981
0.017542
0.000328
0.011072
0.003689
0.428922
0.040462
0.169665
0.004391
0.025206
0.133348
0.133059
0.004389
0.000773
0.039265
0.089552
0.042591
0.563880
0.179443
0.285649
0.000185
1.000000
0.028027
0.000615
0.185334
0.033600
0.055543
0.000144
0.418055
0.052424
0.000842
0.034904
0.000003
0.208052
0.000064
0.013203
0.003107
0.019477
0.000044
0.000720
0.002206
0.003803
0.000051
0.000026
0.815583
0.005131
0.000817
0.078788
0.343889
0.091202
0.000004
0.028027
1.000000
0.000009
0.154236
0.000628
0.278530
0.000002
0.042781
0.000568
0.000021
0.001328
0.097595
0.000006
0.047157
0.001512
0.021468
0.003912
0.408313
0.006415
0.018153
0.017595
0.426169
0.405595
0.000013
0.008775
0.015326
0.000111
0.000108
0.000188
0.340152
0.000615
0.000009
1.000000
0.000103
0.032945
0.000107
0.033299
0.000131
0.061524
0.178130
0.050887
0.000069
0.017426
0.001655
0.214538
0.021140
0.113693
0.000521
0.019710
0.032432
0.026202
0.000543
0.000222
0.127411
0.067199
0.003365
0.328598
0.531355
0.876977
0.000059
0.185334
0.154236
0.000103
1.000000
0.003143
0.136862
0.000062
0.078855
0.006974
0.000362
0.008781
0.003215
0.000810
0.008741
0.024841
0.113009
0.072451
0.158034
0.008488
0.121671
0.353540
0.186455
0.032719
0.001191
0.044724
0.842352
0.007301
0.005612
0.005271
0.005135
0.033600
0.000628
0.032945
0.003143
1.000000
0.005801
0.000813
0.016354
0.301929
0.008314
0.327880
0.000019
0.154259
0.000380
0.031643
0.030128
0.127565
0.000441
0.002531
0.011856
0.029506
0.000541
0.000372
0.371350
0.028221
0.006654
0.069598
0.471639
0.103769
0.000048
0.055543
0.278530
0.000107
0.136862
0.005801
1.000000
0.000015
0.057239
0.004020
0.000195
0.014096
0.347910
0.000000
0.200955
0.000884
0.002984
0.000724
0.016501
0.020644
0.005557
0.001548
0.013354
0.017525
0.000002
0.004285
0.000368
0.000035
0.000029
0.000115
0.123525
0.000144
0.000002
0.033299
0.000062
0.000813
0.000015
1.000000
0.000016
0.007270
0.227734
0.003171
0.000045
0.039067
0.000443
0.079938
0.009937
0.049962
0.001049
0.003041
0.023802
0.040292
0.001099
0.000171
0.073930
0.015464
0.027048
0.442446
0.137378
0.097901
0.000030
0.418055
0.042781
0.000131
0.078855
0.016354
0.057239
0.000016
1.000000
0.011762
0.000117
0.009902
0.022825
0.000301
0.084857
0.091770
0.188012
0.109570
0.301530
0.081764
0.540220
0.426865
0.290043
0.047347
0.000858
0.172855
0.198251
0.011111
0.006645
0.013062
0.016651
0.052424
0.000568
0.061524
0.006974
0.301929
0.004020
0.007270
0.011762
1.000000
0.043943
0.363398
0.157367
0.000006
0.321794
0.003982
0.037565
0.007475
0.091328
0.044829
0.031444
0.015399
0.088346
0.202804
0.000025
0.030205
0.003657
0.000195
0.000250
0.000624
0.459981
0.000842
0.000021
0.178130
0.000362
0.008314
0.000195
0.227734
0.000117
0.043943
1.000000
0.040145
0.006309
0.000892
0.036752
0.054736
0.634664
0.254949
0.146290
0.038124
0.285672
0.613084
0.179009
0.101954
0.002055
0.229392
0.196608
0.008599
0.012774
0.013756
0.017542
0.034904
0.001328
0.050887
0.008781
0.327880
0.014096
0.003171
0.009902
0.363398
0.040145
1.000000
