0.6741779 1.1773831 0.7097394
0.9066424 0.6140613 0.6574465
0.5910746 0.8213688 0.8708594
0.8811723 1.7963470 1.5602662
0.8185857 0.8614474 1.8015516
0.6045270 1.0410234 0.8376945
0.6741095 0.8534476 0.9381906
0.7658203 0.7582652 0.8945891
0.4361709 0.4906379 0.3926160
0.8261210 0.6141566 0.6363300
0.5614026 1.0824595 0.7037998
1.0019943 0.8890398 0.8776117
0.7528607 1.0052646 0.7901836
0.6438854 0.9901726 0.9691358
0.9098227 0.8342577 0.6780325
0.8319546 0.9536089 0.9364863
0.4760485 0.8624870 0.7057130
0.5780231 0.6354939 0.6694629
0.4021930 0.9996619 0.5340737
0.7194265 1.2903273 1.2750904
0.6118417 1.2870698 0.6311724
0.6755844 0.6694144 0.6006232
0.8985476 1.2513472 0.9339269
0.9728280 1.2353738 1.0764184
0.7711612 1.2346730 0.8347287
1.3113475 0.8633906 1.1159596
1.5020209 0.8290426 0.9913763
1.4594966 1.0964564 1.2603268
0.7576650 1.4643912 1.0680561
0.3759516 0.6395182 0.4116302
0.7147790 0.9847343 0.5478641
0.3710043 1.3034159 0.5659183
0.7697239 0.8393902 1.1741537
0.8727396 0.7912200 1.3728542
0.9982432 0.9587793 1.3380309
1.1692160 1.1334444 0.7909752
0.7969730 1.0645173 1.1864174
0.6426616 0.7688385 0.5388103
0.5881830 1.1546243 1.1743617
0.6627923 0.5946713 0.5279798
0.8580331 0.7592929 0.6369109
0.6904916 0.9404754 0.7423541
0.7571368 0.8562506 0.7642264
0.6626075 1.0680358 0.8237586
0.7240703 0.8089179 0.7821593
1.1608983 0.7053559 0.7638702
0.5154923 0.8182632 1.1948325
0.5243491 1.5895263 0.4856414
0.7335331 0.9914952 0.7901571
0.8919699 0.9739816 0.8926908
0.4734169 0.8283196 0.6237371
0.9572276 1.0400703 0.7192557
1.0705752 1.2758958 0.9048509
0.9298323 1.0157247 1.1220013
0.7000114 1.2338623 0.9418682
0.6000064 0.9325244 0.5510946
0.5583374 0.9487392 0.6334206
0.5821936 0.8273625 0.6937560
0.5008274 0.5051768 0.4490450
0.7003011 0.9234545 0.9385315
0.8796387 0.7332147 1.0684574
0.8583252 1.0752252 0.8936412
0.7930898 1.1206614 0.8738505
0.6768582 0.7081659 0.6314006
0.7580254 1.1379145 1.0743931
0.5912222 1.6704855 1.3114000
0.5895785 0.8453604 0.8434230
1.1730780 0.9720870 0.7966701
0.5720644 0.9591572 0.5283898
0.7095548 1.1847443 0.9283046
0.5093764 1.0278377 0.7106951
1.2818883 0.9157671 1.2899261
0.7246311 0.9431757 0.9726856
0.7682005 0.9660369 0.5348063
0.9114135 1.3665196 0.9089392
0.7888733 0.9783252 1.1099005
0.6285982 0.8514408 0.9213720
0.8493515 1.1049261 0.6449153
0.8421256 1.0164441 0.7370723
0.8354299 0.8869222 1.0191688
0.6339042 0.9055755 0.6409062
0.8928977 1.0710013 0.6510651
0.6365862 1.0624926 0.7273730
1.0408766 1.1467380 1.0982256
1.0611072 0.9461136 1.0080142
0.9610128 0.6881333 0.9210888
0.9494048 0.9200088 0.8240522
0.6884151 0.8779793 0.6272588
1.0128823 1.3182197 0.7797407
0.6877754 0.7580090 1.0486239
0.8412327 0.9655174 1.6128066
0.7546458 0.8112605 0.9506246
0.6365599 0.9913474 0.5213982
0.6488723 0.7985975 0.9468801
1.5238228 1.1819693 1.3374799
0.6475203 0.7566556 0.5769979
0.6531010 1.0789951 0.7204635
0.8683084 1.2609341 0.9635345
0.4257293 0.9069680 0.6542637
0.6029890 1.2348742 0.9981489
0.5768172 0.5712278 0.4980347
0.7453006 0.6152463 0.4802296
0.6592408 0.7808687 0.9918972
0.8868857 0.7811371 0.9451839
0.7454709 1.0970281 0.5550172
0.8458655 1.2033388 1.2108648
0.8631848 0.8511799 0.5833984
0.6456242 1.2401315 0.8464732
0.4748214 0.7166725 0.7617581
0.8342017 0.8822464 0.6956865
0.3973764 0.8357598 0.5123827
0.6667762 0.9308647 0.9467722
0.9593027 1.4099126 0.8186978
0.8400778 1.2826408 0.6586545
1.1248007 1.0202419 1.4250114
1.1662913 0.9472688 1.1428429
0.4837610 1.1262023 0.7759257
0.6556860 1.1776527 0.7282427
0.5517553 0.5899591 0.5826506
0.7504917 0.8049680 0.9907917
0.7802091 1.0318942 0.9054633
0.8002628 0.5249047 0.7189063
0.6206755 0.7739432 0.6595196
0.8022506 1.0954765 1.1156832
0.4607738 1.1539659 0.7919167
0.8657036 0.6297335 0.7260073
0.8099585 0.8084289 0.5910161
0.8192322 0.8457555 0.7353651
0.8581434 1.5849694 0.9246739
1.0332332 0.7878494 1.4013476
1.0278599 1.2372998 0.9168579
0.5725690 0.8360701 1.0003939
0.7646815 0.8164695 0.5553266
0.7586711 0.9704559 0.9585441
0.3348136 0.4211178 0.2699127
0.8915795 0.8439925 0.9649729
0.6282495 0.7608944 0.4896220
1.1190207 1.1071739 0.9633596
1.1424180 0.7982634 0.9679739
0.7233458 0.9838155 0.7538667
0.6166761 1.0776605 0.5586135
0.6767375 1.0739815 0.6450031
0.7227322 0.7970675 0.7384981
0.8492085 1.2590632 0.7573996
1.1304622 0.9376939 0.9707725
0.9938570 1.1829154 1.0813478
0.3950969 1.3115432 0.7690694
1.0116690 1.2564711 0.6816320
0.8717975 1.2282363 1.1564542
1.0336653 0.8520197 0.9109039
0.6650205 0.8882202 0.9031576
0.7111261 0.7705847 0.7430346
0.7934515 0.8801200 0.8672431
1.1638661 0.4247816 0.7991046
0.5408888 0.8334163 0.5151175
0.8023554 0.8925609 0.8284098
0.7904492 1.1155776 1.0744286
0.5395649 1.0808902 0.8035398
0.6297096 0.8158975 0.5871698
1.0046960 1.0843354 1.1406095
0.6699832 0.7754387 0.8935305
0.5898446 0.6438624 0.6506669
0.7300285 0.9883139 0.6978303
0.9742155 0.7039368 1.0912138
0.6988796 0.7394427 0.7139872
0.8786693 0.8252769 0.4559710
0.7846584 1.1085311 0.6568475
0.6494429 0.8385535 0.8281396
0.7244180 1.0178094 0.6038510
0.7079020 1.2552428 1.6370180
0.9788221 1.0680776 1.0941305
0.6503575 1.0034075 0.9036506
0.7706141 0.8566686 0.9392540
0.8078307 0.7404993 0.6086375
0.5754867 0.8532206 0.8645738
0.9396455 1.0684299 1.0862591
0.4554725 1.4901745 0.6746888
0.7047175 1.1338996 0.5677931
0.9316333 0.7140991 1.0318179
0.9153800 0.8806605 1.0686684
0.8201340 1.1226256 1.0853981
0.8805562 1.6861803 1.1986393
0.6324874 0.7389115 0.7136451
1.1505694 1.0513893 0.6844570
0.9564030 1.4094237 1.0898319
0.5116978 1.0706256 0.7059944
0.5004592 0.8662464 0.6941044
0.5778231 0.5914529 0.9049650
0.8198237 0.8812484 0.8024130
1.0083665 1.1016442 1.3349276
0.8414130 1.2634569 0.5703273
0.3679561 0.7254810 0.4779494
1.1682445 1.3064192 0.8233475
1.0031977 0.9050587 0.9009709
0.5410755 1.1113577 0.8745196
0.6670400 0.5875674 0.8270343
0.6811678 0.7983464 0.8854651
0.9290225 1.1600345 1.0195296
0.5758933 0.8659818 1.0262801
0.6986881 1.0682716 0.7327579
1.2920041 0.8718626 1.1445817
0.9752648 1.2258001 0.8072930
0.8647326 1.3620499 1.0498229
0.6019063 0.9332405 0.9727045
0.8975794 0.9095816 1.7833010
1.0839759 1.1887159 0.7945873
0.7786341 1.2444204 1.3502797
0.5155387 0.5368868 0.3220827
0.7080928 1.0999488 0.8007120
0.6679444 0.7329648 0.5773997
0.5790641 0.9015526 0.6837938
0.6845188 1.0750821 0.7768507
0.8910167 1.1299670 0.8572252
0.8251046 1.4872544 1.1399713
0.6591887 1.1147675 1.2888398
0.4505726 0.4995431 0.7196250
1.0046555 1.3338074 0.8921150
0.7430088 0.8357348 0.8932525
0.5723339 1.0594987 0.8467224
1.9660481 1.3903427 2.1167969
0.9810648 0.9916366 0.8382918
0.8892896 1.1113785 0.8179191
0.8590003 1.5035204 1.0138450
0.7638393 1.1099629 0.9921185
0.7477810 1.0542003 0.7848053
0.3184533 0.6634486 0.8482194
0.7969713 1.2359933 1.2604625
0.6379302 0.7209031 0.5346193
0.8913291 1.3165372 0.7995655
1.0610464 0.9155268 0.7919024
0.8108316 1.7333602 0.7940479
1.0130229 1.2285826 1.6043705
1.0473434 1.1160770 1.6990336
1.0683946 1.3503237 0.8973488
0.7509838 1.0172891 0.9100503
1.1094638 1.3313342 1.2841596
0.3228689 0.7328523 0.4413456
0.5181921 0.7446451 0.6361513
0.5804541 0.9967670 0.6691113
1.0780555 1.2119973 0.9993046
0.9551073 1.1931772 1.1058611
0.6935891 1.1039075 0.4925359
0.9667425 0.7628803 0.9519178
0.9377011 0.8402851 0.6641647
0.9502259 0.7015546 1.0587521
1.0992465 1.0534794 0.6599302
0.7228782 1.3025679 0.8407572
0.7764504 1.1708348 0.9401729
0.6796721 0.8611771 0.5774469
0.5929436 1.0557440 0.6859441
0.8561127 0.6823056 0.9360370
1.6013552 0.6376598 1.0653829
0.9352036 1.1695314 1.4922350
0.6461082 1.4328240 0.6866588
1.0750492 0.9743558 0.8512372
1.2173856 1.2445836 1.0937360
0.6976142 0.9540909 1.0719122
1.3719078 0.6660958 0.6091247
0.6213135 1.1661769 1.1188374
0.5913516 0.8670898 0.7770214
0.8170853 1.0362759 0.9853314
0.5640258 0.7606022 0.5592371
0.9766053 1.3064431 1.1043414
0.4779122 0.6756930 0.4217672
0.5055469 0.7128420 0.8021356
0.4786745 0.6871236 0.9009622
0.4925998 0.5595054 0.4740869
0.8874847 1.1656793 0.7853277
0.8183224 1.1238513 0.8367064
1.0210849 1.4940509 0.9432189
0.8422546 1.2252921 1.3029084
0.7575660 1.2099541 0.9925245
0.5285325 1.1555793 0.7419584
0.6070818 1.1490680 0.9863226
0.7487937 1.0404221 0.9071580
0.5746239 0.8633593 0.6368324
0.8273930 1.4324767 0.7445680
0.9418727 0.8683809 0.9763084
0.7714400 0.8282872 0.9839581
0.4838710 0.5883066 0.6088843
0.7405880 0.9353445 0.7087491
1.1126925 1.2460058 1.2277632
0.6862992 1.0467459 0.8681148
0.6916471 0.9639558 0.9377486
0.4471165 0.6771366 0.6701531
1.1355577 1.0427492 0.9181681
0.8537748 0.9704821 0.6843790
0.7949029 1.2922513 0.8947404
0.6081329 0.7140600 0.7652396
0.4268495 1.1782438 0.6926143
1.0582265 1.2950213 1.2673822
1.0441222 0.9955363 1.3119822
0.4036243 0.6680567 0.4415638
0.4961595 0.8704371 0.5341355
1.0438220 0.5949187 0.8016469
0.8526487 1.3522202 0.8292474
0.6401414 0.8015084 0.6125321
0.8963769 0.8175905 0.8027199
0.8479186 1.2304424 1.0139372
0.9622036 1.2350116 1.0070555
0.7519354 0.4201280 0.7035369
0.7871627 1.0182478 1.0397160
1.2688672 1.2245640 0.8078642
1.0926612 1.1015769 0.9282958
0.9824033 1.0558961 0.8476581
0.7197555 0.8476056 0.6831057
1.0121289 0.8504738 0.9880520
1.2295626 1.0744388 1.1989761
0.8404690 0.8638001 0.6417742
1.0066361 1.1273748 0.9634757
0.8098310 1.0498154 1.0015662
1.1768585 1.2405289 0.8663015
0.7999320 0.8451412 1.0568220
0.8855259 0.8105117 0.8716448
0.5282007 1.0484897 0.7666719
0.7768257 0.8233321 0.8566369
0.5833764 0.8281518 0.6153038
1.0429333 0.9465725 0.7643599
0.4101617 0.7414572 0.5504100
0.7392064 0.9323526 1.2839798
0.9451656 1.2666289 0.9520253
0.9199759 1.1207430 1.1152029
0.6684185 0.7989908 1.2940301
0.5499248 1.1010903 0.8833449
0.7529587 0.9031801 0.8846367
1.1462851 0.9500587 0.7546138
1.0365292 0.6616231 0.7350553
0.7321750 1.1847030 0.9042185
1.2527294 1.2499187 1.1450801
0.8850317 0.6822220 0.8144821
1.0208106 1.0227502 1.2512580
1.0796776 0.9914888 0.9973820
0.7649101 0.6740783 0.7362812
0.8885544 0.9192572 0.7705289
0.5622351 0.9517390 1.3879176
1.2702279 0.9968758 1.0808405
0.8536751 0.7967251 0.7703679
0.6621739 0.9572348 0.8805246
0.6320007 0.6489651 0.7367662
0.8479525 0.9192330 1.3290327
0.6480893 0.8439052 1.5377004
0.7329408 0.9312388 0.7188341
0.4888645 0.5323594 0.5788275
0.8785609 0.8473757 0.9106396
0.8258352 1.3314229 0.9842156
0.9383714 0.8057146 0.7945301
0.6523649 1.3262657 0.7795880
0.7166460 0.8823119 0.6693100
0.6806092 1.0969430 0.6713833
0.8216632 1.2630962 0.6881638
0.9423443 0.7498409 0.7788220
0.5654071 0.6241342 0.5955565
0.4352962 1.0292581 0.7710106
0.7566064 1.1677318 1.1727781
0.6592274 0.8759275 1.0008086
1.0409338 1.1814261 1.1995040
0.7063453 0.9829554 0.8787638
0.8002257 0.7176606 0.5889355
0.8475137 1.1328488 0.9158125
0.4138001 0.5632270 0.6323021
0.8397981 0.7872474 0.7744639
0.6274039 0.8129042 0.8745149
0.6893529 1.2492293 0.8012406
0.7308128 0.9489885 0.8147212
0.9875261 1.2062522 1.2338623
0.8191671 0.8156155 0.8778258
1.0590423 0.7565092 0.7452214
0.6867665 1.1456857 0.9346274
0.6710742 1.0692496 1.0465823
0.8084516 1.1448938 0.5755790
0.8280547 1.1205571 0.8358309
0.5200184 0.7125209 0.4834948
0.7852152 1.1127873 0.7211618
0.7429477 0.9640208 0.9131583
1.0199641 1.2071500 1.2577199
0.5348293 0.7809285 0.6666934
0.9869652 1.1450833 1.3723193
0.8239562 0.7839092 0.7009307
0.5159485 1.3406263 0.6731703
1.0751888 1.1462027 0.8809505
0.6231310 1.0266259 0.6795817
0.4259921 0.9734929 0.6178148
0.5286220 0.9854785 0.9526654
1.0896015 1.1187766 0.8027929
0.9196294 0.9263147 1.1205666
0.5329487 0.6774429 1.0464694
0.6664127 0.8484787 0.5585048
0.8004332 0.9118035 0.8913194
0.7151180 0.9985251 0.8611118
0.5861477 0.8417932 0.8643268
0.8315623 0.8031563 0.8887211
0.6684603 1.2856035 0.9048217
0.7543039 1.3073045 1.0469270
0.7618723 1.1388803 1.0476766
0.8813952 1.0904627 0.8183336
0.6738217 0.7191425 0.7285069
0.9500437 1.0724223 0.9635747
0.8423756 1.1732802 0.9035940
0.8795161 1.0026999 0.7811123
0.5397160 0.6987379 0.7332847
0.7967144 0.2977738 0.3508712
1.1841837 1.2657534 1.3664904
1.0441826 1.0012257 1.2456833
0.4805922 0.6748383 0.9392585
0.8527512 0.8568154 1.1468736
0.7870476 0.7127755 0.6538258
0.8821337 0.7321174 0.7312687
0.7644464 1.0676458 1.0441162
0.7932067 0.8838009 0.4805687
1.3331512 1.1771971 1.0948964
0.5829886 0.8972814 1.3279122
0.7117889 0.7847497 0.6172750
0.8482226 1.5449625 0.8723321
0.9248647 1.0063969 1.0369976
0.5981407 1.2485705 1.6203310
0.6610859 0.5909159 0.8420148
0.7283634 0.8415767 0.6884636
0.4285922 0.4052121 0.5018709
0.8468792 0.6780892 0.6268423
0.9671931 0.4884221 0.9196682
0.9269220 0.8702143 0.9355411
0.7223183 0.8067229 0.8713460
0.5694544 1.0003480 0.4420791
0.7951150 0.9458514 1.0694640
0.6995696 0.9642158 0.9291533
0.7222422 0.7643701 0.9968307
0.7929332 0.7702519 0.7727800
0.6692703 0.9612851 0.8416145
0.8213466 1.1639598 1.0943469
0.5424660 0.9463813 0.9178169
0.8623556 1.1672337 0.7883197
0.6497610 1.0042898 1.1265143
0.8105999 1.1058422 1.3273656
0.6347158 0.7379916 0.6379079
0.9910832 1.1787559 1.4924260
0.8549675 1.3001382 1.0863394
0.7105910 0.9471417 0.8425635
0.8606749 0.8444703 0.8180085
0.6116550 0.8110385 0.7575736
0.7525065 1.3635141 0.9978910
0.7518981 0.9888327 0.7596771
1.0450036 0.9787194 0.9106126
0.6016409 0.9941690 0.7530207
0.8064599 0.9140470 1.0159154
0.8102375 0.7539869 0.6960110
0.8275252 0.8284772 0.9762199
0.7868548 1.1264203 1.1103589
0.6922446 1.2940799 0.5998563
0.5435863 0.9060242 0.4486381
0.8860660 0.9865951 0.9140931
0.9839404 0.8092318 1.0207092
1.0285968 0.8490054 0.8505028
0.4895640 1.0569105 1.0779133
0.8366241 1.8449293 0.9125577
0.8950809 1.5374866 1.0412291
0.5254477 1.0428391 0.8300385
0.7769066 0.8930263 0.7048907
0.7603076 0.8317743 0.6882846
0.3906690 0.3734878 0.4094541
1.3167939 0.8304347 0.8460496
0.6195314 0.8737396 0.8974629
0.7022195 0.9406675 0.7128255
0.7449966 1.3164532 0.7864744
0.8803880 0.7091840 0.6311761
0.6762104 0.7597132 0.6554994
0.7492598 0.7147455 0.6834422
0.7907681 0.6340214 1.5274565
0.3800114 0.6052123 0.4638403
0.8772834 0.9013199 1.2003709
0.5855450 0.8830597 0.7071854
0.7795067 0.7157117 0.5458096
0.5496062 1.1737829 0.7614162
0.9816492 1.2128553 0.8071476
0.7801963 1.1816509 1.0626640
0.8339463 0.7931782 0.9758571
0.4992657 0.7350050 0.4865333
0.8731080 0.6992130 0.5970357
0.7347510 0.9044975 0.8054301
1.2647711 1.0475455 1.3270564
0.7995909 1.0256926 0.8087643
0.5227768 1.0152107 0.8469773
0.6666545 0.9315102 0.8249005
0.8773877 1.0383884 0.5266499
0.4792389 1.0884112 0.7116928
0.6883204 0.7531062 0.8822818
0.8287296 0.6993229 0.7818463
0.5913630 0.7393348 0.6905412
1.0707542 1.1721173 1.0650412
0.4699237 0.9829961 0.6777885
0.4836405 0.5910257 0.3247293
0.9736372 1.1790342 1.2425522
0.5126122 0.7841510 0.6068938
0.7402958 1.0385293 0.8391662
0.6763429 0.6688316 0.8559019
0.6884702 1.0906025 0.8421729
0.9312412 1.0390436 0.8105385
0.7690043 0.8043640 0.4749794
0.6922214 1.6604821 0.5104476
0.6251530 1.0234939 0.5485285
0.9295706 0.7333510 0.7607591
