0.6308192 0.4788458 0.4420978
0.4623946 0.3539970 0.8214323
0.4035319 0.4654057 0.4366252
0.3165760 0.3488376 0.5653133
0.8473547 0.5863181 0.5826457
0.5443204 0.5636892 0.6414466
0.6684557 0.5166941 0.4827289
0.5565381 0.3524355 0.6313429
0.6266077 0.4974845 0.5916574
0.6785137 0.8949749 0.5050960
0.4766277 0.4335246 0.4033756
0.4057495 0.4803304 0.4170040
0.5562871 0.5842444 0.5461995
0.5520661 0.6286483 0.5225871
0.3804880 0.4872306 0.5466115
0.3253094 0.2995457 0.7482615
0.4845613 0.3289647 0.8311072
1.0464021 0.2950366 0.8780733
0.6519932 0.5619025 0.6500362
0.5738655 0.5166875 0.4128047
0.6785201 0.6213730 0.4549903
0.8482938 0.4752437 0.6551856
0.5184067 0.4770630 0.4469930
0.2399593 0.1773846 0.2454778
0.3940550 0.5197173 0.4757571
0.6888510 0.3989819 0.4601191
0.5798746 0.3379942 0.3472067
0.5787935 0.4093771 0.5575680
0.4583976 0.3565591 0.4149239
0.4795352 0.9245281 0.4509625
0.3454172 0.6216123 0.3857835
0.5555312 0.3317552 0.3579030
0.3411238 0.3255913 0.4446062
0.4781265 0.5858936 0.4319633
0.4617551 0.5615274 0.4579350
0.3372701 0.4417151 0.5617762
0.4036834 0.3495506 0.2990768
0.4371318 0.6169275 0.3098889
0.5573366 0.4787385 0.3683346
0.5260881 0.4297382 0.4718195
0.6001805 0.7278896 0.3500867
0.4360853 0.4661144 0.5135126
0.6635955 0.5393493 0.4737865
0.8536071 0.7269472 0.6631127
0.5286251 0.5459571 0.4011109
0.5341728 0.5952436 0.4924545
0.5384736 0.5601630 0.4691993
0.6661064 0.8432795 0.6948391
0.3000149 0.6332293 0.4823053
0.4869802 0.2987618 0.4302999
0.3100448 0.3120396 0.4456564
0.6450926 0.2528310 0.6229595
0.7869472 0.5755866 0.8361805
0.6119059 0.5298120 0.6743550
0.7391425 0.4078351 0.4984875
0.2572140 0.1718015 0.4530259
0.5545575 0.3761112 0.5866232
0.3939757 0.4956090 0.3448142
0.3146673 0.5256025 0.8559128
0.6449243 0.6966101 0.8151933
0.5720014 0.7107365 0.6992903
0.5035356 0.6688111 0.5608734
0.6530148 0.5305946 0.5314450
0.4841491 0.6725959 0.6706392
0.3724785 0.1647470 0.2712756
0.6972396 1.0854283 0.3520111
0.5336822 0.5696603 0.3702868
0.4201629 0.6796094 0.4510504
0.3950084 0.3290055 0.2725804
0.6156443 0.5891575 0.5714416
0.4006188 0.4690615 0.4618507
0.3565847 0.4632310 0.7461171
0.4408432 0.4493810 0.5540574
0.5420848 0.5471170 0.6841515
0.6024641 0.5256197 0.4655194
0.3699902 0.4451555 0.6087975
0.3731428 0.5170154 0.3456662
0.3232160 0.2919366 0.4549680
0.5394200 0.1703797 0.5694716
0.3271927 0.2970263 0.6294531
0.5825773 0.8540288 0.6785825
0.5420198 0.8584239 0.5573551
0.3137577 0.3036338 0.4027069
0.4789585 0.5503257 0.3984875
0.3269442 0.4162387 0.3937940
0.7525896 0.6210092 0.5366966
0.6547897 0.5259423 0.2946384
0.4520961 0.6193963 0.5754472
0.3417763 0.6681857 0.3586289
0.3583134 0.4634831 0.5480680
0.5283971 0.4466843 0.5292996
0.8253236 0.4751353 0.4631989
0.4348093 0.4671913 0.3987889
0.4933293 0.3781688 0.4134202
0.3707238 0.7742304 0.6295228
0.5952853 0.4887543 0.4120619
0.9150013 0.5533095 0.6297914
1.1261019 0.6962566 0.9499544
0.5314154 0.3395895 0.3532740
0.4968380 0.3483326 0.3767040
0.9904315 0.2913295 0.4952077
0.6712149 0.5895151 0.8378255
0.4630375 0.4141693 0.3507830
0.5808239 0.6242978 0.4840534
0.4889143 0.7666928 0.6905596
0.7618975 0.7236644 0.4540142
0.5850102 0.9672663 0.6639128
0.5265467 0.5278323 0.3880493
0.4953653 0.3528561 0.4778942
0.5128940 0.3222892 0.3575463
0.7491648 0.6426191 0.4243715
0.6459794 0.2772962 0.3554339
0.1265947 0.1719138 0.2269058
0.9184094 0.6389737 0.5703953
0.5338849 0.6507327 0.3648930
0.3380814 0.4033928 0.8859010
0.4669863 0.6710369 0.5264017
0.2328666 0.2864688 0.4301140
0.9976299 0.4477867 0.3506733
0.4921967 0.5399065 0.7201416
0.3583327 0.5155520 0.3442814
0.7607177 0.5079371 0.6556541
0.5072607 0.5671599 0.4347977
0.3742699 0.2671039 0.3434364
0.4179129 0.7020336 0.4155339
0.8573728 0.8361356 0.5083262
0.6845724 0.5101993 0.4559235
0.3853561 0.4135600 0.8140255
0.7371711 0.8698905 0.7530281
0.4037519 0.4101330 0.5462652
0.8571879 0.4012985 0.4260513
0.2501577 0.2328956 0.2118436
0.5076063 0.4552024 0.5506623
0.7198191 0.7002570 0.7159075
0.3213459 0.4520737 0.4293055
0.5271153 0.4798504 0.4927333
0.5791264 0.5825154 0.6168035
0.7107143 0.5498671 0.7661868
0.8550728 0.4314613 0.5148476
0.5109685 0.4888897 0.6858918
0.6791977 0.3509993 0.2576960
0.2831291 0.7647948 0.6581476
1.0183001 1.0016963 0.7105054
0.3724090 0.4943908 0.4291220
0.4577740 0.5429907 0.4309130
0.9255571 0.4995582 0.5335066
0.2394820 1.0051226 0.4858279
0.7156984 0.6282820 1.0698425
0.4106847 0.2290837 0.3995346
0.7448984 1.0664032 0.6898549
0.3899237 0.6167066 0.4733775
0.3122211 0.4868085 0.5360558
0.6465912 0.8900875 0.6109586
0.5658007 0.1946829 0.2407171
0.5623092 0.6895072 0.4856383
0.7530047 0.6617128 1.0155535
0.5043699 0.3368105 0.3580703
0.4986748 0.7892351 0.4647761
0.2555801 0.3886288 0.3726939
0.4172846 0.5301622 0.4948312
0.5349498 0.4599002 0.6745654
0.5867107 0.8602240 0.5940392
0.3306042 0.4008491 0.5720062
0.3625710 0.6388080 0.7299249
0.6223482 0.5381482 0.8158197
0.4734544 0.6013968 0.3968967
0.9254380 0.6155872 0.4952797
0.8376667 0.3794736 0.3633409
0.2963846 0.7321455 0.3271670
0.3540064 0.3671730 0.6993311
0.8162961 0.7390489 0.4359167
0.5714103 0.4921472 0.5049474
0.5111326 0.3964623 0.5823936
0.3733346 0.3573682 0.5602340
0.4412055 0.8726089 0.3492524
0.4700014 0.6159520 0.5464855
0.4767058 0.3900033 0.6620808
0.5324217 0.4546936 0.4146269
0.4456050 0.3377422 0.9061332
0.3396575 0.4369267 0.4087328
0.7241121 0.5842811 0.5502444
0.6379732 0.3191617 0.3241566
0.4322109 0.6084714 0.2927509
0.4710393 0.3537407 0.6160112
0.4484195 0.6373632 0.4182299
0.3535761 0.2783638 0.9383279
0.4765206 0.7213270 0.5973089
0.3773455 0.6387540 0.3566055
0.2996528 0.4386211 0.4847791
0.5909055 0.3165222 0.5342154
0.4930959 0.4223127 0.5100058
0.4056246 0.4043911 0.4646921
0.3795595 0.4466323 0.3511460
0.7259789 0.6643112 0.6519690
0.4886632 0.6634558 0.6070946
0.4411060 0.6225177 0.4579745
0.4654936 0.3340419 0.7132652
0.5518787 0.6189157 0.6475084
0.2921697 0.5081068 0.6203796
0.4821103 0.3864208 0.1660554
0.5165949 0.3811854 0.6001792
0.5044895 0.3495991 0.2678152
0.6400095 0.3626916 0.7290375
0.3985270 0.5248079 0.7862867
0.5044982 0.3655254 0.8405351
0.6493355 0.3414914 0.2897510
0.4862219 0.6162010 0.6408179
0.3260354 0.5930811 0.5515400
1.0127037 0.2099990 0.1837830
0.4888616 0.5855711 0.4729177
0.3281136 0.5977873 0.3704973
0.4722127 0.4265941 0.7313528
0.4443651 0.6190372 0.5362268
0.3521253 0.8464640 0.4176513
0.4694667 0.2701813 0.4777777
0.4360168 0.4180709 0.5837381
0.7970359 0.4527979 0.5100985
0.5473100 0.7410987 0.7176611
0.5072289 0.5445739 0.5322597
0.5521953 0.3448419 0.5023856
0.4767701 0.4845520 0.6527226
0.6642489 0.3980729 0.4612827
0.3450815 0.3528065 0.4655521
0.7463043 0.4803041 0.5444292
0.6160091 0.6198279 0.8672930
0.5573469 0.3018996 0.3714480
0.4777388 0.3836631 0.6490318
0.9277893 0.7564870 0.4500162
0.4652330 0.7739089 0.3317886
0.6018318 0.3838322 0.4587844
0.7445133 0.5270132 0.4267831
0.6624548 0.4860796 0.7677982
0.8694599 0.3910328 0.8376503
0.4227583 0.4360008 0.4035892
0.8015735 0.5355347 0.5658027
0.4710033 0.7074629 0.5572921
1.2455382 0.8535360 0.5150555
0.2956796 0.3426910 0.3186035
0.5258134 0.2764520 0.6554700
0.5241445 0.4509442 0.4927624
0.4354934 0.5061250 0.4652039
0.4379804 0.4786123 0.6630261
0.4970392 0.6432968 0.3702881
0.5559182 0.6880669 0.5966150
0.5783607 0.6408143 0.9747767
0.4605230 0.5757681 0.7065618
0.1577085 0.8972779 0.3391689
0.6752414 0.8956921 0.5602917
0.4670749 0.4689711 0.4266494
0.5381184 0.4844783 0.3319522
0.6488590 0.9306596 0.5606221
0.6588043 0.6182367 0.6184725
0.3217529 0.6337283 0.4425208
0.4623924 0.4789620 0.9290731
0.7768487 0.4519377 0.5442405
0.7398300 0.6935530 0.5472647
0.4064048 0.4971105 0.5388736
0.4887775 0.3915282 0.6262459
0.3338254 0.6655348 0.4820537
0.4281140 0.3143414 0.3396911
0.5474661 0.5822359 0.4509773
0.3068197 0.5227162 0.5888036
0.5191363 0.4373672 0.6476877
0.3796776 0.5184290 0.7127627
0.6824855 0.5620451 0.3737814
0.2931834 0.4387476 0.3995601
0.5028957 0.3385250 0.2953113
0.5017968 0.4931224 0.3429208
0.7668442 0.4431784 0.4488781
0.3594530 0.5823428 0.4611843
0.4121647 0.7699542 0.5454861
0.3355589 0.4627692 0.5453291
0.9852244 0.4778519 0.5325579
0.5589911 0.7212740 0.3628422
0.6539103 0.4498406 0.6437756
0.4216664 0.5700024 0.3609912
0.4820345 0.7385727 0.5034536
0.3063034 0.5914464 0.8118632
0.3664105 0.6376119 0.5468330
0.7550503 0.2661734 0.4026467
0.3736234 0.5121750 0.5655103
0.3068881 0.4647764 0.5015935
0.6020519 0.4164054 0.4330160
0.5129768 0.6420309 0.5346157
0.7706965 0.7682815 0.5729424
0.5482836 0.4887862 0.4853405
0.4527267 0.3085694 0.6347344
0.5624061 0.3857768 0.4506286
0.5687435 0.5679556 0.5460895
0.4386385 0.5750609 0.5139530
0.5503323 0.5484011 0.7441808
0.6104208 0.4714457 0.5729475
0.8633755 0.8666504 0.7101273
0.4476436 0.4096686 0.5343041
0.2774408 1.4335351 0.3080196
0.7162779 0.4777447 0.7642457
0.4351852 1.1419070 0.8398566
0.4203967 0.3973836 0.4381339
0.4716593 0.5462892 0.5322343
0.4023800 0.6893979 0.4497340
0.7519053 0.7610213 0.5250937
0.4381491 0.4979827 0.5080823
0.3587051 0.3097682 0.5337867
0.4523475 0.5746496 0.4452157
0.3870131 0.7659887 0.4760581
0.4823963 0.4588030 1.1825575
0.3735496 0.6172730 0.3437748
0.1494810 0.2493016 0.2815376
0.6141199 0.4638150 0.3919060
0.9244600 0.5211233 0.3937574
0.7375211 0.4908715 0.7438623
0.5910298 0.5236249 0.9136604
0.4779776 0.5725042 0.3621130
0.3055920 0.3254586 0.4178259
0.5809659 0.5380683 0.4101379
0.3911668 0.4663565 0.2993153
0.6406655 0.6086149 0.8249001
0.1997396 0.1848061 0.1994901
0.6340943 0.5523364 0.5317589
0.3767901 0.4467752 0.2989396
0.6408701 0.6956037 0.6629303
0.2703464 0.3910229 0.3890652
0.5062609 0.4335226 0.6470730
0.8663320 0.6396789 0.4175482
0.7291009 0.6598051 0.6173294
0.6596804 0.5271758 0.6136980
0.3656138 0.4798798 0.4662812
0.5430221 0.8535256 0.6163850
0.5281691 0.6787972 0.6216138
0.4426750 0.8685520 0.7051032
0.3715934 0.5431213 0.4608876
0.7361987 0.5647017 0.6386160
0.5502243 0.5767532 0.5746240
0.7555269 0.3399508 0.6186037
0.4306501 0.6820495 0.9268177
0.7070802 0.5798585 0.4443048
0.5145990 0.5165922 0.5274966
0.5386231 0.6468236 0.4626727
0.6962856 0.3121173 0.3859593
0.5671171 0.4755722 0.6138554
0.5350730 0.4457161 0.4882714
0.5927673 0.6196005 0.7308186
0.3340665 0.7557079 0.2800837
0.4180017 0.7141588 0.6250049
0.4313600 0.5911291 0.5501627
0.4798723 0.5087318 0.5502516
0.2312061 0.6449326 0.3768224
0.7163348 0.7294319 0.7017676
0.6000210 0.7239442 0.5308959
0.4316759 0.4560458 0.6688409
0.7087806 0.6239595 0.4558585
0.9259439 0.8052294 0.5016019
0.5159684 0.4562902 0.4439556
0.4223998 0.6507684 0.3212794
0.8488528 0.4524891 0.5138676
0.7159209 0.9980362 0.7562740
1.1025807 0.4562081 0.4977327
0.4465031 0.3356887 0.4890789
0.7780293 0.2848579 0.3048138
0.5997200 1.0671425 0.7652626
0.3920034 0.2720471 0.3803517
0.5423239 0.7181312 0.5443563
0.7680249 0.5625045 0.5774272
0.4032287 0.5159780 0.4210371
0.6902372 0.7280034 0.4908442
0.3384805 0.2823608 0.3483007
0.5462266 0.4713339 0.5630483
0.5328552 0.4315661 0.4935644
0.4988919 0.5650765 0.4062457
0.4533478 0.4603831 0.4687203
0.6767640 0.5350605 0.6399714
0.4232747 0.4231527 0.6067539
0.4064611 0.6768279 0.4112911
0.3927447 0.4172224 0.4898834
0.4733044 0.5200112 0.4109280
0.3838813 0.6999920 0.3730242
0.2968120 0.2642919 0.4788203
0.4013825 0.8163608 0.3095095
0.7734510 0.2796395 0.2922034
0.6002044 0.4850688 0.5781983
0.8179793 0.2192530 0.4265904
0.2908388 0.3688424 0.3707997
0.5451792 0.5242900 0.3695743
0.9744889 0.3744582 0.4297799
0.2807645 0.6718850 0.5860424
0.3295019 0.6252791 1.0337199
0.3552731 0.3982719 0.6198719
0.4160905 0.5877998 0.5912448
0.7828902 0.9819779 0.6045789
0.4654942 0.5880427 0.4010350
0.5228286 0.4155937 0.3737652
0.6114997 0.7202796 0.5771418
0.3915029 0.5654248 0.6782110
0.7691601 0.4370666 0.6867888
0.3179687 0.4020395 0.3473045
0.5870734 0.6076445 0.5801169
0.2950035 0.4003113 0.4063859
0.6789754 0.4818329 0.6495431
0.4214373 0.4311236 1.0195053
0.5882522 0.2875756 0.4736554
0.5379280 0.4671512 0.4337028
0.3474094 0.4573892 0.3443443
0.3183604 0.6128841 1.2064193
0.4817308 0.5699890 0.3899251
0.3286982 0.4471793 0.4890493
0.4157125 0.4566277 0.2993370
0.5733770 0.4287428 0.4992806
1.4223212 0.7949868 0.6962039
0.4381756 0.5696040 0.6618870
0.4362929 0.4949932 0.6041691
0.2753660 0.4627143 0.3377375
0.4250891 0.5604812 0.4194654
0.9039699 0.6101027 1.1309734
0.5736876 0.3288780 0.3361679
0.4212275 0.3776550 0.5065662
0.3385402 0.4180415 0.7052956
0.6299058 0.4824237 0.3031878
0.6467992 0.9441847 0.4762693
1.0637478 0.3639680 0.6588246
0.2300734 0.2932910 0.3361996
0.6032828 0.7397435 0.6154771
0.3999878 0.5891304 0.5303587
0.5243866 0.7170818 0.8013750
0.6720952 0.5967147 0.4485839
0.7134672 0.6613489 0.5278877
0.6903595 0.7082340 0.3531579
0.7098249 0.5173005 0.4928693
0.5911654 0.3591072 0.4298748
0.4359013 0.5586601 0.4542659
0.3252694 0.4694248 0.3886274
0.4539577 0.2383402 0.5813477
0.3131361 0.4020676 0.5481669
0.3499810 0.5073911 0.4019118
0.5017955 0.5384544 0.6497247
0.5911820 0.5066801 0.5481760
0.5625710 0.3624925 0.3193593
0.3332279 0.3958390 0.2838760
0.3809438 0.4036534 0.4455424
0.7655497 0.5236083 0.6929713
0.3297478 0.4806283 0.6101860
0.4688364 0.3902580 1.0160948
0.6105337 0.5968739 0.4286821
0.8341732 0.6431277 0.4412269
0.3838888 0.4519178 0.5010732
0.7500570 0.7557430 0.6588533
0.7169722 0.3366044 0.4996462
0.7265649 0.5139378 0.5538762
0.4244286 0.7686123 0.4796350
0.2844605 0.2028885 0.1675008
0.2531765 0.3229054 0.2683847
0.3623855 0.4332519 0.1872883
0.3989994 0.4537452 0.5026722
0.4571650 0.3626067 0.2825074
0.5882699 0.5108518 0.4150246
0.7267140 0.5858692 0.7038593
0.4929314 0.6145529 0.5771060
0.5429527 0.8702481 0.8182101
0.3660312 1.0495605 0.5465834
0.6700119 0.4471189 0.5535650
0.2575755 0.5047242 0.4256957
0.7850279 0.7655848 0.7269055
0.3738133 0.3883933 0.5884088
0.4006968 0.3771044 0.4345659
0.2263639 0.2478770 0.2126085
0.3704665 0.3162738 0.4624654
0.7715307 0.4833868 0.3773956
0.4736458 0.4688818 0.5707816
0.5320757 0.3627393 0.4406098
0.8091686 0.4179728 0.5729577
0.8396885 0.3277020 0.6889917
0.4014470 0.5225896 0.5986134
0.4656532 0.8791978 0.5948280
0.4937278 0.6851907 0.6486786
0.6945626 0.4527365 0.5527639
0.4768556 0.6370743 0.6159828
0.6090472 0.6772802 0.4363462
0.3431158 0.3400316 0.5030915
0.5653367 0.6664411 0.6398047
0.3912122 0.5268826 0.2692164
0.3316823 0.4109051 0.3439737
0.3693379 0.3792009 0.4495641
0.4172118 0.2583820 0.4398314
0.5496433 0.9801658 0.4366928
0.3813886 0.4463807 0.4640407
0.4285302 0.4920261 0.2780901
0.3845590 0.3629377 0.3428313
0.3620218 0.4461089 0.2665522
0.5281543 0.4836552 0.4797315
0.5438422 0.4450741 0.3494937
0.6982807 0.4825832 0.3281652
0.6944996 0.7120406 0.6714998
0.3842608 0.3009419 0.3981115
0.5425566 0.4215105 0.5948187
0.6093772 0.7603901 0.3884867
1.2602120 0.2953960 0.3782231
0.3599646 0.4413682 0.4965819
0.9978804 0.4599804 0.5084965
0.3552216 0.6628586 0.4856861
0.4760667 0.2307420 0.5002778
0.3667454 0.4196899 0.4971359
