0.6308192	0.4788458	0.4420978
0.5911995	0.4578888	0.4682627
0.4978055	0.4505773	0.4613066
0.4198912	0.4075216	0.5003941
0.4451679	0.4188777	0.5005286
0.4775053	0.4459003	0.5258330
0.5501289	0.4798103	0.5176813
0.5380195	0.4576575	0.5339149
0.5546684	0.4647433	0.5413540
0.5625022	0.4770301	0.5346243
0.5547203	0.4734900	0.5229569
0.5247277	0.4689016	0.5036935
0.5319672	0.4857957	0.5118345
0.5356223	0.5016356	0.5107841
0.5133767	0.5002596	0.5115173
0.5036281	0.4886303	0.5149274
0.5000687	0.4786220	0.5221589
0.5012652	0.4780890	0.5224402
0.5184959	0.4906085	0.5307119
0.5247140	0.4946984	0.5189367
0.5392532	0.5060191	0.5121463
0.5497753	0.5045658	0.5186512
0.5472551	0.5037889	0.5145364
0.5463348	0.5026659	0.5136427
0.5341554	0.5021852	0.5128865
0.5388379	0.4983624	0.5109979
0.5368915	0.4930232	0.5034438
0.5381704	0.4912705	0.5053234
0.5288924	0.4787873	0.4971916
0.5280033	0.4816439	0.4965906
0.5224497	0.4826561	0.4932776
0.5223903	0.4768404	0.4877809
0.5144880	0.4693846	0.4854021
0.5108058	0.4784978	0.4803860
0.5061245	0.4846345	0.4785789
0.4955555	0.4812383	0.4808942
0.4932355	0.4775523	0.4758308
0.4893232	0.4796464	0.4699054
0.4925509	0.4800635	0.4645817
0.4943327	0.4767501	0.4648657
0.4944015	0.4790693	0.4626228
0.4917498	0.4788364	0.4634691
0.4952350	0.4808256	0.4636766
0.4980749	0.4826030	0.4654504
0.5001461	0.4864946	0.4623154
0.5018092	0.4892637	0.4632080
0.5049935	0.4931835	0.4635350
0.5059980	0.4950705	0.4648151
0.5020972	0.4946054	0.4641931
0.5012517	0.4900865	0.4634067
0.4973952	0.4864019	0.4614168
0.4976389	0.4834725	0.4622563
0.4991501	0.4836450	0.4637581
0.5007017	0.4840749	0.4657084
0.5031046	0.4820834	0.4661133
0.5021654	0.4808373	0.4655861
0.5036070	0.4761624	0.4686648
0.5014234	0.4758910	0.4674485
0.4999605	0.4754752	0.4680895
0.5007244	0.4760785	0.4693200
0.5006688	0.4786524	0.4714056
0.5005568	0.4817404	0.4726671
0.5032628	0.4831342	0.4735776
0.5027321	0.4865013	0.4765030
0.5022544	0.4853996	0.4758257
0.5028495	0.4861380	0.4749717
0.5037074	0.4883677	0.4712816
0.5024501	0.4911836	0.4717037
0.5007713	0.4891955	0.4692291
0.5044307	0.4920073	0.4720849
0.5009491	0.4914800	0.4718091
0.5004241	0.4905564	0.4731901
0.4968397	0.4876114	0.4769163
0.4974993	0.4890531	0.4802405
0.5007799	0.4906624	0.4799188
0.4969990	0.4886334	0.4819795
0.4950811	0.4884934	0.4799300
0.4927784	0.4844863	0.4790959
0.4927723	0.4830450	0.4792985
0.4912472	0.4808258	0.4795640
0.4917425	0.4825099	0.4802165
0.4915802	0.4842735	0.4804649
0.4906254	0.4830683	0.4802418
0.4904051	0.4847167	0.4775318
0.4865897	0.4832531	0.4761814
0.4894515	0.4849769	0.4769308
0.4902169	0.4852504	0.4748608
0.4890804	0.4875205	0.4762172
0.4874597	0.4881742	0.4751458
0.4840658	0.4870154	0.4764960
0.4848513	0.4866822	0.4773511
0.4871300	0.4864319	0.4775557
0.4863330	0.4860787	0.4760867
0.4867806	0.4835017	0.4746162
0.4862076	0.4842421	0.4751614
0.4884445	0.4846483	0.4735708
0.4899324	0.4849082	0.4742874
0.4901352	0.4850832	0.4744776
0.4900046	0.4811864	0.4713927
0.4897039	0.4794747	0.4701561
0.9904315	0.2913295	0.4952077
0.6484883	0.5111543	0.7775571
0.5094611	0.4139543	0.4169221
0.5522166	0.5519856	0.4701241
0.5483132	0.5909962	0.5106293
0.5880105	0.6238075	0.4995803
0.5851162	0.6528532	0.5129228
0.5747774	0.6241047	0.4793020
0.5496571	0.5714817	0.4698380
0.5282689	0.4491869	0.4227271
0.5456704	0.4825020	0.4308167
0.5403220	0.4457588	0.4187640
0.5373331	0.4417115	0.4177527
0.5485580	0.4550509	0.4264285
0.5498467	0.4816284	0.4260097
0.5439534	0.4782940	0.4292321
0.5365115	0.5199215	0.4462837
0.5299385	0.5095930	0.4439535
0.5376367	0.5025001	0.4384167
0.5284492	0.5095937	0.4580018
0.5074307	0.5027402	0.4445571
0.5164717	0.5041373	0.4536541
0.5163977	0.5141739	0.4544613
0.5094842	0.5035566	0.4490324
0.5038844	0.5257619	0.4487173
0.5087348	0.5303973	0.4498052
0.5214398	0.5296052	0.4529763
0.5174546	0.5241812	0.4558307
0.5206093	0.5295394	0.4592695
0.5097140	0.5142475	0.4646240
0.5125206	0.5062677	0.4616636
0.5092023	0.5028471	0.4601610
0.5090723	0.4978961	0.4635188
0.5126265	0.5034832	0.4679651
0.4876738	0.4958059	0.4615685
0.4895300	0.4944716	0.4627250
0.4956577	0.5005140	0.4730626
0.4967790	0.5003826	0.4742988
0.5000339	0.4998270	0.4753389
0.4990728	0.4992545	0.4802114
0.4987011	0.4975572	0.4750433
0.4961257	0.4993613	0.4761682
0.4966474	0.4997953	0.4765152
0.4901006	0.4975287	0.4722858
0.4880618	0.5004573	0.4691097
0.4932767	0.5012562	0.4700780
0.4909392	0.5023167	0.4697988
0.4920368	0.5027925	0.4714558
0.4891042	0.4929979	0.4681476
0.4901919	0.4944927	0.4689113
0.4850302	0.5003183	0.4695209
0.4812459	0.4992547	0.4708841
0.4828406	0.5032552	0.4731176
0.4831651	0.5005937	0.4712228
0.4864439	0.5069793	0.4724277
0.4873648	0.5077053	0.4737361
0.4859859	0.4972409	0.4674459
0.4865708	0.5051393	0.4676588
0.4775272	0.4995447	0.4638615
0.4729076	0.5012763	0.4658093
0.4745808	0.4994906	0.4708989
0.4765806	0.5031766	0.4727758
0.4713506	0.4999923	0.4733586
0.4673606	0.5019996	0.4762021
0.4696382	0.5027367	0.4795058
0.4688722	0.5070177	0.4752723
0.4714563	0.5078518	0.4756301
0.4734783	0.5062434	0.4740500
0.4707307	0.5059138	0.4719601
0.4687823	0.5034224	0.4741231
0.4706923	0.5053301	0.4740612
0.4772396	0.5042715	0.4753726
0.4765183	0.5021533	0.4759417
0.4738734	0.4984850	0.4765867
0.4736740	0.5010300	0.4753496
0.4733462	0.5055714	0.4780697
0.4740613	0.5025899	0.4812923
0.4750230	0.5008306	0.4797312
0.4748709	0.4991208	0.4807570
0.4723911	0.4974437	0.4793768
0.4774121	0.4987784	0.4805245
0.4776993	0.4963923	0.4773944
0.4768830	0.4966447	0.4757049
0.4764714	0.4919832	0.4779753
0.4754250	0.4936383	0.4765966
0.4748957	0.4927486	0.4769774
0.4752204	0.4986006	0.4794963
0.4735672	0.4996522	0.4761608
0.4712367	0.4977845	0.4757040
0.4722702	0.4951313	0.4760855
0.4727251	0.4916706	0.4769022
0.4696480	0.4871839	0.4757483
0.4674224	0.4854797	0.4714095
0.4691207	0.4871855	0.4727455
0.4694341	0.4897315	0.4745194
0.4684401	0.4937867	0.4735894
0.4681352	0.4912384	0.4748464
0.4692879	0.4936776	0.4773534
0.4673127	0.4929241	0.4775640
0.4669534	0.4924886	0.4755308
0.5165949	0.3811854	0.6001792
0.5047646	0.3774107	0.4674126
0.5828422	0.3727339	0.6461630
0.5474545	0.3901037	0.6499836
0.5388514	0.3862973	0.7103244
0.5371544	0.3857665	0.6952338
0.5172749	0.4125311	0.6722932
0.4795070	0.4339102	0.6388059
0.4770107	0.4340208	0.6351101
0.4744332	0.4530410	0.6113487
0.4544306	0.4659464	0.5742372
0.4649878	0.4525267	0.6183385
0.4535110	0.4829816	0.5872942
0.4465300	0.4915215	0.5712774
0.4504188	0.4746396	0.5643801
0.4506937	0.4634375	0.5684357
0.4616343	0.4591250	0.5644603
0.4654595	0.4711251	0.5714359
0.4699707	0.4819526	0.5606244
0.4748894	0.4721194	0.5558883
0.4754016	0.4719180	0.5640785
0.4845799	0.4655026	0.5574837
0.4702895	0.4553394	0.5446889
0.4738227	0.4558800	0.5464586
0.4780940	0.4608229	0.5539175
0.4811638	0.4458759	0.5339497
0.4805907	0.4396127	0.5388892
0.4826344	0.4406150	0.5380378
0.4817605	0.4430345	0.5335419
0.4880337	0.4359346	0.5256720
0.4919482	0.4392383	0.5236080
0.4970001	0.4401501	0.5331669
0.5003215	0.4388388	0.5363263
0.4916965	0.4383357	0.5229062
0.4948817	0.4395854	0.5240830
0.4938165	0.4470933	0.5254521
0.4944154	0.4473123	0.5256122
0.4912687	0.4454848	0.5228185
0.4914029	0.4426913	0.5244959
0.4939291	0.4432985	0.5206450
0.4894068	0.4485098	0.5153102
0.4878790	0.4488340	0.5188490
0.4870495	0.4504881	0.5135628
0.4873013	0.4535503	0.5149608
0.4867279	0.4546098	0.5184707
0.4854307	0.4606343	0.5294164
0.4851362	0.4609981	0.5287985
0.4865130	0.4625526	0.5303333
0.4856461	0.4628516	0.5261103
0.4868031	0.4629534	0.5180288
0.4875330	0.4638367	0.5186737
0.4913253	0.4678122	0.5212004
0.4881967	0.4705276	0.5197653
0.4882558	0.4702986	0.5226696
0.4910286	0.4691992	0.5218870
0.4938342	0.4722022	0.5218119
0.4904655	0.4735246	0.5224317
0.4898563	0.4714945	0.5259821
0.4878328	0.4740710	0.5250688
0.4870461	0.4711937	0.5204274
0.4892375	0.4742310	0.5183853
0.4854455	0.4753531	0.5185434
0.4867032	0.4740558	0.5226327
0.4828338	0.4757549	0.5260361
0.4852735	0.4766646	0.5228363
0.4830743	0.4755093	0.5201095
0.4823272	0.4735114	0.5162169
0.4818598	0.4736678	0.5136609
0.4848003	0.4738878	0.5136589
0.4828244	0.4750396	0.5125713
0.4804657	0.4784303	0.5129257
0.4748955	0.4784686	0.5136553
0.4763119	0.4786999	0.5138888
0.4762511	0.4801637	0.5136877
0.4792946	0.4785133	0.5162146
0.4787954	0.4786119	0.5155051
0.4778852	0.4812293	0.5143903
0.4770077	0.4818766	0.5156520
0.4758773	0.4836680	0.5162995
0.4767211	0.4820316	0.5154976
0.4716277	0.4837494	0.5178714
0.4686111	0.4834160	0.5166697
0.4732366	0.4805030	0.5135102
0.4739424	0.4831999	0.5135931
0.4755717	0.4843242	0.5138048
0.4766961	0.4846482	0.5129979
0.4767575	0.4812847	0.5137023
0.4774773	0.4802084	0.5126614
0.4796288	0.4827731	0.5132677
0.4779009	0.4856762	0.5128003
0.4782909	0.4862824	0.5152302
0.4799566	0.4861200	0.5166347
0.4804352	0.4867823	0.5171946
0.4801296	0.4851743	0.5175854
0.4800274	0.4853501	0.5173218
0.4812761	0.4853889	0.5188556
0.4811446	0.4857578	0.5191850
0.4801360	0.4837611	0.5171189
0.4800055	0.4848717	0.5177487
0.4792218	0.4865360	0.5168899
0.7519053	0.7610213	0.5250937
0.5145420	0.5651913	0.4985516
0.4024774	0.3855833	0.5144765
0.4358911	0.4823404	0.4729895
0.4369382	0.5146226	0.4728973
0.4360922	0.5113874	0.4773693
0.4241567	0.5280070	0.4521304
0.4195337	0.5197285	0.4503420
0.4410754	0.5109873	0.4446810
0.4545004	0.5099109	0.4426706
0.4693130	0.5028403	0.4539452
0.4773316	0.5074194	0.4662129
0.4783725	0.5134774	0.4532884
0.4665579	0.5024073	0.4526903
0.4946598	0.5128587	0.4406990
0.4776952	0.5071974	0.4212585
0.4830130	0.5092979	0.4287998
0.4807520	0.5074770	0.4276316
0.5043547	0.5142605	0.4419829
0.4857023	0.5047714	0.4268901
0.4959526	0.5122954	0.4362197
0.4852499	0.5069108	0.4358205
0.4858822	0.5013081	0.4423810
0.4964630	0.5058870	0.4458956
0.5068044	0.5131796	0.4524613
0.5151100	0.5139690	0.4584380
0.5057322	0.5106779	0.4558950
0.5089690	0.5191258	0.4613390
0.5135171	0.5287784	0.4716845
0.5103454	0.5319673	0.4767168
0.4931620	0.5293904	0.4709341
0.4982293	0.5312557	0.4757560
0.5033169	0.5349614	0.4832187
0.5048663	0.5333180	0.4849584
0.5043753	0.5348303	0.4874244
0.5098898	0.5363679	0.4865135
0.5099785	0.5354124	0.4894923
0.5112908	0.5376525	0.4891037
0.5116788	0.5351494	0.4877126
0.5149226	0.5324219	0.4928244
0.5160241	0.5278272	0.4920921
0.5153124	0.5281266	0.4948972
0.5115894	0.5294594	0.4909226
0.5081058	0.5318286	0.4936923
0.5071610	0.5329388	0.4950009
0.5065008	0.5320371	0.4974601
0.5025807	0.5316039	0.4948269
0.5065870	0.5342741	0.4986834
0.5095309	0.5394015	0.4996404
0.5059818	0.5366251	0.5034119
0.5102624	0.5390013	0.5028549
0.5117844	0.5403611	0.5023234
0.5112725	0.5352381	0.4982886
0.5073732	0.5367973	0.4926116
0.5121327	0.5353460	0.4935183
0.5133111	0.5368957	0.4945656
0.5153670	0.5362569	0.4947139
0.5125019	0.5312638	0.4931668
0.5123139	0.5292023	0.4916534
0.5122612	0.5310565	0.4929752
0.5102490	0.5246865	0.4912785
0.5120752	0.5281696	0.4934408
0.5172194	0.5305938	0.4956302
0.5116404	0.5300913	0.4913727
0.5163200	0.5333227	0.4917089
0.5123961	0.5296543	0.4897117
0.5129133	0.5277476	0.4920912
0.5127233	0.5230530	0.4911865
0.5117904	0.5247950	0.4881800
0.5088342	0.5213482	0.4870547
0.5117528	0.5208681	0.4901103
0.5096441	0.5174727	0.4924726
0.5058256	0.5188131	0.4892970
0.5012391	0.5149608	0.4879822
0.4996629	0.5147436	0.4850140
0.4969249	0.5156222	0.4824356
0.4948740	0.5129951	0.4815526
0.4930671	0.5138900	0.4797196
0.4931170	0.5124308	0.4786179
0.4967603	0.5113277	0.4817023
0.4966778	0.5100375	0.4817839
0.4926175	0.5076440	0.4796615
0.4926377	0.5077092	0.4766238
0.4939218	0.5072870	0.4764152
0.4916651	0.5077597	0.4764604
0.4910713	0.5077401	0.4767880
0.4856337	0.5034444	0.4784776
0.4835290	0.5045193	0.4795908
0.4844819	0.5057716	0.4800063
0.4832702	0.5069541	0.4776255
0.4833783	0.5048470	0.4756187
0.4846761	0.5068911	0.4767156
0.4825867	0.5074856	0.4777353
0.4847747	0.5062840	0.4792047
0.4805677	0.5036477	0.4756734
0.4822224	0.5053182	0.4773680
0.4805821	0.5044521	0.4766528
0.4828733	0.5040211	0.4783608
0.4822252	0.5034282	0.4793106
0.4820994	0.5013251	0.4794093
0.5379280	0.4671512	0.4337028
0.4804772	0.4701321	0.4141128
0.4773536	0.4722407	0.4215518
0.4804936	0.5032633	0.4072661
0.4350328	0.4915616	0.4257014
0.4286922	0.4815557	0.3910014
0.4659195	0.4636973	0.4153435
0.4676471	0.4645724	0.4161880
0.4714538	0.4695165	0.4312280
0.4576749	0.4725238	0.4775276
0.4299069	0.4667436	0.4556656
0.4294665	0.4761611	0.4477877
0.4307953	0.4769880	0.4496576
0.4348667	0.4718534	0.4421762
0.4346035	0.4611971	0.4501032
0.4263106	0.4561969	0.4618026
0.4289030	0.4557780	0.4566919
0.4316858	0.4603236	0.4570436
0.4362324	0.4592445	0.4604594
0.4297330	0.4556888	0.4542176
0.4355266	0.4622705	0.4600801
0.4321396	0.4692185	0.4644580
0.4342059	0.4737053	0.4702348
0.4441406	0.4796149	0.4695368
0.4531878	0.4859157	0.4726581
0.4580118	0.4892728	0.4682313
0.4733542	0.4919433	0.4721259
0.4774052	0.4853992	0.4696582
0.4732420	0.4924086	0.4696360
0.4632885	0.4896292	0.4644234
0.4608436	0.4855815	0.4654660
0.4526706	0.4806757	0.4681446
0.4426706	0.4794754	0.4620312
0.4438941	0.4811300	0.4675668
0.4491130	0.4825511	0.4716486
0.4516750	0.4752934	0.4623747
0.4446830	0.4728100	0.4551035
0.4412468	0.4697635	0.4548179
0.4449988	0.4705627	0.4568462
0.4413939	0.4708999	0.4592642
0.4412218	0.4717234	0.4612908
0.4468975	0.4756333	0.4586686
0.4501836	0.4769775	0.4580844
0.4460700	0.4758837	0.4595699
0.4482386	0.4782852	0.4618310
0.4507595	0.4760349	0.4616504
0.4590262	0.4777492	0.4646661
0.4587397	0.4807354	0.4647716
0.4584537	0.4794488	0.4634834
0.4551957	0.4777870	0.4611396
0.4531562	0.4775373	0.4568513
0.4487622	0.4750640	0.4593732
0.4488190	0.4721265	0.4548611
0.4542571	0.4733370	0.4529983
0.4573655	0.4746213	0.4556443
0.4601020	0.4811224	0.4614160
0.4608118	0.4823217	0.4630791
0.4596941	0.4839917	0.4632524
0.4637550	0.4832445	0.4650343
0.4571038	0.4824623	0.4635740
0.4583197	0.4835315	0.4647493
0.4552792	0.4798726	0.4668873
0.4522764	0.4751124	0.4653238
0.4510951	0.4738281	0.4641274
0.4478242	0.4687328	0.4630585
0.4515143	0.4686781	0.4623844
0.4534217	0.4687667	0.4672743
0.4544310	0.4652590	0.4666654
0.4569619	0.4646806	0.4672495
0.4580717	0.4643563	0.4675879
0.4569481	0.4660953	0.4724113
0.4574043	0.4689255	0.4735338
0.4576846	0.4714104	0.4757267
0.4605593	0.4707341	0.4763910
0.4612972	0.4735971	0.4791266
0.4640146	0.4756535	0.4783693
0.4571095	0.4701653	0.4786719
0.4594556	0.4736643	0.4823685
0.4579045	0.4735155	0.4807263
0.4542140	0.4717893	0.4769542
0.4512015	0.4690943	0.4762943
0.4501921	0.4656113	0.4755570
0.4507575	0.4666574	0.4754094
0.4479277	0.4654364	0.4744662
0.4472037	0.4655982	0.4691203
0.4454965	0.4630515	0.4666345
0.4428945	0.4614519	0.4612902
0.4438804	0.4610396	0.4609590
0.4448035	0.4605882	0.4593375
0.4474186	0.4612026	0.4570132
0.4489879	0.4621808	0.4584159
0.4475170	0.4587890	0.4569781
0.4498714	0.4576248	0.4599978
0.4514628	0.4595837	0.4590205
0.4516539	0.4592971	0.4587147
0.4502651	0.4592353	0.4592569
0.4515256	0.4590216	0.4592865
0.4498271	0.4611554	0.4600849
0.4497002	0.4593958	0.4601300
0.4480706	0.4587829	0.4602064
