 0.66974620	 0.49865550	 0.43949560
 0.50702400	 0.37485130	 0.97029290
 0.41689870	 0.51097900	 0.49998700
 0.35548890	 0.34424380	 0.59289150
 0.99139180	 0.66022040	 0.65010550
 0.56240590	 0.58591830	 0.67849610
 0.70589060	 0.52859800	 0.47864240
 0.61105310	 0.35823270	 0.72055730
 0.65953110	 0.50245410	 0.60297140
 0.71652440	 0.96658490	 0.55802660
 0.50603490	 0.46072950	 0.42298340
 0.43061120	 0.48450650	 0.41455730
 0.61746380	 0.64789940	 0.55193080
 0.59408710	 0.70758330	 0.58821470
 0.43320920	 0.59239290	 0.53322700
 0.32928810	 0.31311440	 0.79878470
 0.49160280	 0.33927250	 0.84849880
 1.49576550	 0.29182140	 1.22955970
 0.66735050	 0.55537330	 0.67728490
 0.64162680	 0.51641460	 0.44140750
 0.67501170	 0.68882230	 0.44620170
 0.90012000	 0.49685950	 0.67133710
 0.54165560	 0.52525450	 0.48867890
 0.30163810	 0.24568710	 0.20622770
 0.42552520	 0.55101440	 0.48939000
 0.74315390	 0.40191590	 0.48143150
 0.56942510	 0.35908420	 0.35749670
 0.73227650	 0.56359100	 0.63197120
 0.48423400	 0.34281130	 0.41412600
 0.52653980	 1.24329150	 0.45856170
 0.37531530	 0.60660400	 0.39301840
 0.58892300	 0.35422330	 0.38185810
 0.28167450	 0.38673810	 0.51366230
 0.47820860	 0.57127900	 0.42677570
 0.46552770	 0.58750230	 0.48252670
 0.35824540	 0.44478920	 0.56619740
 0.42855630	 0.36844240	 0.31798270
 0.44788470	 0.64889680	 0.30830180
 0.61908250	 0.51257190	 0.41038720
 0.53432330	 0.44578980	 0.49225240
 0.79333710	 0.87658850	 0.38849720
 0.44833140	 0.49622380	 0.53917530
 0.72073090	 0.55650580	 0.51704930
 0.92214800	 0.80685980	 0.71339940
 0.58159690	 0.57833740	 0.45763630
 0.57538060	 0.60907960	 0.46124160
 0.53893960	 0.57803860	 0.47199380
 0.73718100	 0.98426040	 0.83118410
 0.28743880	 0.71196870	 0.57881180
 0.49641660	 0.29683320	 0.46155820
 0.26479050	 0.26688920	 0.61397690
 0.73588400	 0.25653020	 0.67478780
 0.81992460	 0.61663630	 0.89147740
 0.66323980	 0.54787190	 0.79943530
 0.88467190	 0.48589440	 0.55616260
 0.19950840	 0.18488370	 1.29835430
 0.58707070	 0.38116970	 0.59938830
 0.42960920	 0.49900690	 0.38768390
 0.32609030	 0.58600890	 1.00265050
 0.76682230	 0.89156700	 0.98350890
 0.54956540	 0.68653230	 0.67902390
 0.53072020	 0.73174600	 0.60703640
 0.69074550	 0.52864580	 0.53647240
 0.48298730	 0.71436970	 0.66310380
 0.53543970	 0.14775350	 0.28366060
 0.80297500	 1.32614670	 0.36669520
 0.56286330	 0.59797030	 0.36508880
 0.44757530	 0.69835530	 0.47160490
 0.41949150	 0.30596190	 0.29500670
 0.62407480	 0.61862890	 0.57885020
 0.44621240	 0.54792010	 0.51343240
 0.31817590	 0.53479820	 1.19459240
 0.45892410	 0.47358910	 0.57730410
 0.55358890	 0.54191090	 0.70121680
 0.62858250	 0.53836840	 0.50333750
 0.35357880	 0.44920630	 0.62265490
 0.36493740	 0.52137440	 0.34696880
 0.37702830	 0.29993560	 0.43676620
 0.56885870	 0.18709490	 0.59232520
 0.32814130	 0.32179910	 0.74255700
 0.62024810	 0.91118820	 0.71882180
 0.57752180	 0.98519820	 0.62261240
 0.50660060	 0.32657420	 0.75214610
 0.49665210	 0.54483910	 0.39750470
 0.35317940	 0.46512220	 0.42907660
 0.77923030	 0.71912780	 0.58398360
 0.77656070	 0.55363510	 0.29774670
 0.48099110	 0.66646090	 0.61199410
 0.37125480	 0.76427640	 0.34973230
 0.38026030	 0.48111530	 0.62329280
 0.49395630	 0.52176480	 0.54216640
 0.96673200	 0.54127780	 0.44770820
 0.52833540	 0.55766930	 0.42667560
 0.52673080	 0.45709020	 0.44509160
 0.37392700	 0.88757440	 0.68643090
 0.59913620	 0.50785210	 0.43984440
 1.05671950	 0.60422490	 0.66013420
 1.41152640	 0.70391010	 0.98647430
 0.54868970	 0.36691350	 0.36744630
 0.56507290	 0.38358490	 0.41433960
 1.08855453	 0.30912230	 0.45448335
 0.73174591	 0.61846561	 0.89611520
 0.48241227	 0.44133864	 0.36525372
 0.63506245	 0.67439091	 0.50890918
 0.55410971	 0.87302211	 0.78210097
 0.83226363	 0.76414858	 0.46679197
 0.61097817	 1.06528203	 0.77724140
 0.53665330	 0.57130061	 0.41755653
 0.49104552	 0.37183314	 0.50170697
 0.51316272	 0.32717994	 0.35835326
 0.84086371	 0.68339813	 0.41875877
 1.09738490	 0.26036702	 0.22672760
 0.05338414	 0.17267247	87.44604305
 1.25932864	 0.76724608	 0.61072340
 0.58631374	 0.69937463	 0.38532913
 0.33755196	 0.41262753	 0.88626102
 0.50132038	 0.71147179	 0.54364566
 0.25016547	 0.28601775	 0.59247010
 1.12421610	 0.46198914	 0.37387664
 0.52096464	 0.57032146	 0.76493096
 0.37134583	 0.58072058	 0.36203599
 0.82395516	 0.49142016	 0.69473775
 0.52546982	 0.56611246	 0.43033132
 0.40632033	 0.26158092	 0.37622592
 0.42597598	 0.71846561	 0.43084092
 0.93793193	 0.92645100	 0.54251429
 0.76737530	 0.55886012	 0.45277503
 0.39603293	 0.46061099	 0.92865190
 0.84793906	 0.97799189	 0.84000567
 0.43706454	 0.41442065	 0.55996379
 0.84681016	 0.39630234	 0.42592305
 0.29896161	 0.26271773	 0.27113163
 0.50712766	 0.53599231	 0.75385551
 0.80772948	 0.76432003	 0.85308835
 0.31875702	 0.45226334	 0.43212955
 0.60983876	 0.55088043	 0.55650480
 0.62873583	 0.65181699	 0.65083377
 1.22861022	 0.89846058	 1.36295261
 0.86028857	 0.49614992	 0.53314986
 0.59360751	 0.57984146	 0.82784493
 0.66118755	 0.35239926	 0.24579107
 0.28548957	 0.86928557	 0.73562441
 1.14053205	 1.18719317	 0.70620800
 0.35157472	 0.49192008	 0.42279699
 0.43728176	 0.56049208	 0.44558293
 1.00345721	 0.49458352	 0.57555030
 0.23136572	 1.52839521	 0.53349597
 0.76543690	 0.70446876	 1.32903002
 0.42536830	 0.24766404	 0.41142391
 0.80161879	 1.20780169	 0.73546856
 0.40021390	 0.58450018	 0.53042652
 0.42027302	 0.46774035	 0.50472967
 0.74982835	 1.08326067	 0.64860687
 0.63008966	 0.25893634	 0.25834594
 0.64051905	 0.67824112	 0.53855449
 0.82409056	 0.74762388	 1.19724766
 0.52216705	 0.36276352	 0.37191326
 0.52781916	 0.92274800	 0.51927639
 0.27702084	 0.41405188	 0.37939592
 0.42673151	 0.56715374	 0.51561247
 0.57045721	 0.51946129	 0.76181843
 0.60257140	 0.92666122	 0.61438862
 0.34472538	 0.44118177	 0.60284000
 0.37526622	 0.65878334	 0.75665963
 0.66823179	 0.57080866	 0.89799201
 0.47281888	 0.62215649	 0.45351125
 1.08508137	 0.64965693	 0.53499005
 0.91210262	 0.40690833	 0.38799066
 0.27297650	 0.90966285	 0.31944803
 0.43591763	 0.34796732	 0.72397766
 0.99262828	 0.89155953	 0.44646866
 0.58844709	 0.49672105	 0.53244465
 0.62526411	 0.37951628	 0.79951521
 0.24076254	 0.21311159	 4.20735259
 0.47858174	 1.00813575	 0.38762309
 0.48341217	 0.65327007	 0.58846457
 0.51585703	 0.39839165	 0.67442129
 0.59546572	 0.46039067	 0.39802881
 0.45328162	 0.33408262	 1.18037244
 0.27740613	 0.52078959	 0.56404405
 0.81447921	 0.66633895	 0.58634827
 0.70821600	 0.31860641	 0.31474102
 0.66744020	 1.33962670	 0.24924887
 0.47265409	 0.35639528	 0.66154773
 0.47825197	 0.69691466	 0.44321774
 0.38699342	 0.28250432	 1.10123423
 0.47077629	 0.74222331	 0.60928181
 0.33355367	 0.92794507	 0.38221823
 0.40333728	 0.35841160	 0.46056728
 0.63768272	 0.31952100	 0.54124647
 0.50463382	 0.43144823	 0.52801702
 0.40692905	 0.42261644	 0.47060464
 0.41240827	 0.45823280	 0.37372185
 0.83803488	 0.70093666	 0.67780295
 0.49785512	 0.72135912	 0.66427171
 0.44678213	 0.63019553	 0.46298043
 0.50317448	 0.35424789	 0.86282873
 0.58807851	 0.64535674	 0.70988760
 0.26063688	 0.71840833	 0.86484192
 0.51813159	 0.38539184	 0.17004581
 0.53063140	 0.38252090	 0.63232610
 0.56759380	 0.38990200	 0.29568000
 0.67421300	 0.38102890	 0.77726470
 0.41055570	 0.57942110	 0.85189640
 0.51908070	 0.36513980	 0.87567220
 0.84653980	 0.31792210	 0.27380540
 0.52131270	 0.70142590	 0.76076660
 0.31960630	 0.61666290	 0.58468860
 0.16215790	 0.49067360	 0.42899450
 0.45749820	 0.64406860	 0.54713760
 0.29893180	 0.72198830	 0.40926470
 0.50968800	 0.42099830	 0.78113390
 0.44806240	 0.63554730	 0.57266740
 0.30226700	 0.92956360	 0.45832310
 0.50428330	 0.29096580	 0.49318720
 0.44697620	 0.44303000	 0.58192050
 0.83345120	 0.49199250	 0.54993950
 0.57770550	 0.77837830	 0.76248990
 0.53175040	 0.55079400	 0.57272190
 0.55371600	 0.33073430	 0.53450180
 0.47572020	 0.50137850	 0.71601980
 0.69091060	 0.41835050	 0.52750490
 0.34618620	 0.37209650	 0.47168600
 0.86672800	 0.50676920	 0.54388230
 0.65302840	 0.64761130	 0.90359850
 0.58739760	 0.29307080	 0.39063950
 0.46072140	 0.38840340	 0.66521230
 0.96839230	 0.80718750	 0.45962620
 0.50725740	 0.93079840	 0.38640110
 0.66293870	 0.41779550	 0.48968980
 0.83206980	 0.56152990	 0.44308400
 0.71242240	 0.51559730	 0.84321120
 0.99271070	 0.43028630	 0.96446950
 0.43197980	 0.45465230	 0.41667810
 0.87539920	 0.55711850	 0.67526970
 0.46884840	 0.72072700	 0.59804130
 3.00153930	 1.73306600	 0.75037480
 0.27200260	 0.57732270	 0.30913460
 0.56529820	 0.25592800	 0.70141550
 0.55943670	 0.45730280	 0.52394850
 0.45212260	 0.52741410	 0.46653720
 0.42331180	 0.53900890	 0.73956150
 0.53805230	 0.72310200	 0.39422620
 0.56687430	 0.69557770	 0.69575950
 0.63419550	 0.70112180	 1.06486630
 0.46488900	 0.57630930	 0.71030790
 0.45940340	 0.79933790	 0.19948700
 0.75677340	 1.04222950	 0.55070500
 0.50902330	 0.51977570	 0.49927360
 0.55528790	 0.47922260	 0.33463640
 0.67112480	 1.14194820	 0.60746870
 0.70176330	 0.68471560	 0.70006860
 0.29856900	 0.73572720	 0.43183570
 0.47513590	 0.49673570	 1.13086350
 0.97911600	 0.48497440	 0.60409560
 0.85452690	 0.78019570	 0.64193600
 0.44549010	 0.57761590	 0.54941510
 0.49490450	 0.49560260	 0.70225260
 0.38916860	 0.68010260	 0.43600670
 0.41898230	 0.31739850	 0.33158770
 0.59196510	 0.61806400	 0.45608430
 0.32067410	 0.48925000	 0.66770000
 0.56245500	 0.43417370	 0.73722900
 0.39714820	 0.52282670	 0.78289650
 0.74326810	 0.59194840	 0.43512150
 0.35468150	 0.38870050	 0.40961870
 0.53952950	 0.32913790	 0.31355840
 0.54170330	 0.51270620	 0.33878450
 0.86352120	 0.41430890	 0.41819380
 0.36263630	 0.63006210	 0.50665540
 0.42186890	 0.81995330	 0.57357470
 0.34268590	 0.49022360	 0.57323810
 1.29533740	 0.48162330	 0.57427230
 0.37468190	 0.82896330	 0.71415810
 0.66349050	 0.46240910	 0.63410600
 0.46712230	 0.56261000	 0.32784990
 0.54750960	 0.92401490	 0.57607100
 0.38612930	 0.59289350	 1.20229750
 0.34390980	 0.67388940	 0.56934910
 0.71886570	 0.33144740	 0.52453220
 0.38136660	 0.52571720	 0.57365490
 0.27915640	 0.51439700	 0.72537060
 0.61573990	 0.42948020	 0.43589480
 0.51857930	 0.70491830	 0.61547100
 0.92479370	 0.90327600	 0.60604170
 0.60045910	 0.52561680	 0.51440010
 0.50192560	 0.32347140	 0.68370530
 0.71329210	 0.40376810	 0.47983690
 0.60134020	 0.62134760	 0.57117240
 0.41681940	 0.58553750	 0.54825780
 0.69705160	 0.65606590	 0.94593110
 0.63030100	 0.51222850	 0.59412060
 0.99461180	 0.99710020	 0.75192650
 0.48544110	 0.43597260	 0.60756850
 0.28953080	 2.05875540	 0.30755870
 0.89336680	 0.45454460	 0.78300130
 0.45944200	 1.27014870	 0.96149140
 0.45764550	 0.41177160	 0.44852890
 0.51051970	 0.53347390	 0.60210920
 0.36395970	 0.73194120	 0.53016500
 0.89470952	 0.89744699	 0.55828850
 0.48624118	 0.54297283	 0.51402346
 0.34231156	 0.31196880	 0.55273291
 0.47346856	 0.60662275	 0.46638020
 0.39127454	 1.19735040	 0.49610917
 0.50499014	 0.47870479	 1.30980220
 0.41199039	 0.76260737	 0.35117611
 0.14855337	 0.22256753	 0.34526354
 0.76779363	 0.56804023	 0.38704795
 1.09895870	 0.57656503	 0.41400965
 0.78618714	 0.52482078	 0.83724086
 0.65580960	 0.54992019	 1.05386408
 0.51873159	 0.51276092	 0.41447552
 0.34813091	 0.42327468	 0.44670500
 0.62593791	 0.57405471	 0.43727999
 0.40386290	 0.51056350	 0.29176623
 0.68807571	 0.63618602	 0.88273843
 1.13075799	 0.05702013	 0.35676006
 0.66705119	 0.58518881	 0.57552656
 0.39806105	 0.43247553	 0.32621885
 0.67884653	 0.83469804	 0.78034133
 0.36376860	 0.46658530	 0.51803734
 0.57752793	 0.44807044	 0.75612568
 1.05591669	 0.69929138	 0.38544646
 0.89817163	 0.73356541	 0.72821314
 0.70781907	 0.54226403	 0.71513655
 0.36172607	 0.45571265	 0.54292491
 0.58437947	 0.93400603	 0.65209619
 0.55220558	 0.72084942	 0.66182783
 0.45020383	 0.90410334	 0.73645390
 0.39385024	 0.59146632	 0.47733905
 0.86408870	 0.70604279	 0.67285162
 0.57038578	 0.59405311	 0.58283627
 0.86802942	 0.33730151	 0.54611830
 0.45338046	 0.70715351	 1.10195676
 0.72198490	 0.67444166	 0.42470502
 0.58076108	 0.50863268	 0.58200456
 0.56023384	 0.71721266	 0.44860233
 0.78286225	 0.34511432	 0.39922432
 0.65065017	 0.50580515	 0.71614021
 0.63404919	 0.46885843	 0.54026015
 0.66984338	 0.70186567	 0.83996958
 0.35731529	 0.79789692	 0.27785178
 0.45483510	 0.86074326	 0.69453852
 0.40531013	 0.70289190	 0.60977669
 0.51401216	 0.50880280	 0.56463783
 0.24547042	 0.73228843	 0.36616244
 0.74114785	 0.76589454	 0.72777980
 0.60098678	 0.73528688	 0.54824743
 0.44557371	 0.48460547	 0.72024352
 0.69941350	 0.66729824	 0.47930992
 1.09561530	 0.89937039	 0.56493484
 0.54644761	 0.48131122	 0.46311036
 0.41921442	 0.67750434	 0.31235135
 0.89460795	 0.48704284	 0.56040435
 0.75244272	 1.11217467	 0.80640055
 1.11505348	 0.46398229	 0.52217584
 0.45307500	 0.37972727	 0.46694175
 1.22937163	 0.31400595	 0.29996048
 0.71515696	 1.29811896	 0.81975321
 0.40867764	 0.28478496	 0.40396405
 0.55927185	 0.72971870	 0.55234992
 0.88931353	 0.54160169	 0.65020138
 0.42684567	 0.53495613	 0.42110045
 0.70356751	 0.79476893	 0.51340739
 0.32634708	 0.30093123	 0.37118246
 0.63842376	 0.44038739	 0.56509514
 0.59023727	 0.42821808	 0.67842313
 0.51545916	 0.64422684	 0.46329020
 0.47575836	 0.47894992	 0.48836362
 0.78336653	 0.60318756	 0.70783601
 0.48777447	 0.45231797	 0.65946715
 0.43136291	 0.81936776	 0.42834361
 0.40705939	 0.39813237	 0.53522973
 0.49236041	 0.55978396	 0.39907657
 0.38714825	 0.81346496	 0.38361606
 0.14426088	 0.27378176	 1.48349687
 0.44467617	 1.09334674	 0.30032221
 1.60453271	 0.21112794	 0.26848882
 0.62365728	 0.52879901	 0.64859885
 1.15041669	 0.21537269	 0.53350155
 0.30915816	 0.37437001	 0.39999562
 0.54631415	 0.49564634	 0.36469010
 1.12444156	 0.33705771	 0.46668211
 0.28651202	 0.77142630	 0.63120093
 0.36516687	 0.71789971	 1.29813230
 0.36235961	 0.40704520	 0.63654851
 0.44949230	 0.67107236	 0.65760978
 0.82254510	 1.09924252	 0.61256968
 0.48719753	 0.68140314	 0.40494866
 0.57928732	 0.43270857	 0.36270211
 0.70050945	 0.79814782	 0.62571542
 0.40322482	 0.60620958	 0.79844702
 0.80513028	 0.45188458	 0.70575105
 0.33939991	 0.41345397	 0.36066883
 0.67793823	 0.64051104	 0.60528110
 0.26489488	 0.46996589	 0.42781913
 0.73350377	 0.57248427	 0.69750049
 0.42851978	 0.44915666	 1.32945443
 0.72765097	 0.29874427	 0.53267698
 0.56721810	 0.50411620	 0.46033680
 0.35609400	 0.52102270	 0.37048340
 0.33377330	 0.69070620	 1.65670480
 0.47955080	 0.65571190	 0.42293250
 0.33507230	 0.44810020	 0.48757470
 0.44334020	 0.49039650	 0.29273070
 0.59218420	 0.44509210	 0.50833460
 1.72035070	 0.91197960	 0.83127670
 0.36833040	 0.72733920	 0.95366020
 0.45678870	 0.50006520	 0.61036590
 0.26559910	 0.50728480	 0.32531330
 0.43194330	 0.59285960	 0.43174620
 1.29332720	 0.66772010	 1.42283750
 0.65542830	 0.32836200	 0.38702820
 0.43924580	 0.41214860	 0.48778660
 0.33484320	 0.42916030	 0.70713680
 0.58780880	 0.56169930	 0.47979070
 0.69129470	 0.98317660	 0.50330060
 2.98224740	 0.38973790	 0.82269310
 0.23757130	 0.40851100	 0.40165800
 0.66786360	 0.82050680	 0.67977100
 0.42748750	 0.62713860	 0.55159600
 0.51738150	 0.74230830	 0.91333530
 0.72635810	 0.61175210	 0.45458950
 0.75303360	 0.69965320	 0.55778850
 0.94609130	 0.96232140	 0.42479460
 0.75392860	 0.56052410	 0.51673710
 0.62241810	 0.40128630	 0.39480230
 0.47280490	 0.57347540	 0.49289170
 0.32265370	 0.47129190	 0.38243350
 0.79934790	 0.21769220	 0.56765970
 0.34417990	 0.44330440	 0.55623590
 0.34591830	 0.54501800	 0.41461970
 0.56221330	 0.54545370	 0.66306300
 0.66526300	 0.56910830	 0.57236630
 0.58552840	 0.35807400	 0.32751620
 0.32967840	 0.43124930	 0.32075870
 0.40133340	 0.46272170	 0.48458210
 0.82767390	 0.56871100	 0.78050230
 0.34681040	 0.51107600	 0.65091380
 0.54848940	 0.37875910	 1.30413820
 0.69993680	 0.69720730	 0.48888860
 0.87715410	 0.80970100	 0.45654160
 0.40282340	 0.40127360	 0.53905450
 0.91429920	 0.91616350	 0.77110890
 0.80650000	 0.33691540	 0.54719460
 0.74072910	 0.51264890	 0.57265550
 0.43274000	 0.94289520	 0.48511990
 0.38572470	 0.23721410	 0.17625360
 0.27798240	 0.43260970	 0.26210470
 0.36426370	 0.45697270	 0.23560450
 0.38978300	 0.49253830	 0.55337160
 0.48510490	 0.39393150	 0.28270200
 0.61522840	 0.51163070	 0.43526600
 0.81277830	 0.62469340	 0.79658600
 0.53074780	 0.63061960	 0.60023890
 0.58704110	 1.15640280	 0.97888480
 0.36691190	 1.21745040	 0.58344260
 0.65057080	 0.45106130	 0.64473000
 0.27735010	 0.45936490	 0.42182590
 0.93915760	 0.87236520	 0.79929540
 0.35276580	 0.40886290	 0.59413230
 0.40544450	 0.39179590	 0.46018090
 0.24742010	 0.24493840	 0.27388120
 0.39660060	 0.34649860	 0.47103730
 0.88778050	 0.52204730	 0.37040330
 0.45902770	 0.48460010	 0.62293180
 0.62268680	 0.38085220	 0.43181780
 0.89263710	 0.44144260	 0.57574460
 1.12141910	 0.29538280	 0.75811250
 0.41307380	 0.52311070	 0.60074910
 0.46867150	 0.95051140	 0.61079680
 0.51265870	 0.74782590	 0.69189410
 0.73572340	 0.46398820	 0.56757570
 0.47137730	 0.67986920	 0.65052310
 0.62602310	 0.73340920	 0.44068840
 0.34262830	 0.34948370	 0.51435330
 0.59795160	 0.70747270	 0.65443430
 0.39119830	 0.66171960	 0.22732860
 0.37014240	 0.45815310	 0.31289880
 0.39302810	 0.41255550	 0.51017850
 0.42169500	 0.27737060	 0.48082800
 0.56609690	 1.12302190	 0.47266520
 0.39061260	 0.46244160	 0.48185650
 0.40143510	 0.51569630	 0.28277590
 0.39008650	 0.35766460	 0.39847820
 0.35601120	 0.46833230	 0.24033530
 0.54848420	 0.52804250	 0.50047930
 0.66509010	 0.42901650	 0.40120560
 0.74056260	 0.47219600	 0.31750130
 0.74775490	 0.79595970	 0.70441170
 0.45951110	 0.31854780	 0.43046810
 0.54927780	 0.45052520	 0.63244890
 0.65041400	 0.79007890	 0.41959800
 2.22259350	 0.31095920	 0.47206940
 0.43775270	 0.54989980	 0.55853470
 1.21379240	 0.55899990	 0.64298070
 0.36841230	 0.74214920	 0.51891960
 0.50911720	 0.22870040	 0.48673250
 0.43390590	 0.47226340	 0.41471760
